489 9 89 579 128 -17 -436 888 -476 -466 846 -555 -869 615 -285 -929 779 755 848 -908 173 -526 655 -596 -40 930 -816 -760 -348 961 593 601 -287 -931 432 830 504 -989 -578 -617 633 -19 936 -322 412 -681 -968 198 -348 828 961 -364 898 -451 300 -578 423 -469 -275 -469 -236 470 -894 -950 901 717 429 -99 -212 471 -88 -624 555 778 -415 212 -635 787 167 786 -419 -147 -516 -179 -601 702 -484 -561 -442 -738 -306 -368 -697 -94 -576 354 -899 857 160 -847 
740 -666 97 -830 -566 966 715 314 -989 -934 -873 193 -371 823 2 -913 -139 316 928 -250 -728 -148 123 -760 396 -666 236 -325 -216 666 345 -758 857 -739 89 519 808 -200 421 -554 -47 52 -608 420 173 521 -63 41 -893 871 526 -910 227 -468 -228 -285 291 -376 -36 -437 -74 47 577 96 851 942 -848 781 -206 192 631 -742 -147 -119 866 411 820 -813 -702 -596 698 -377 -632 132 407 -345 920 48 918 -686 -918 -486 865 -264 -362 -245 865 752 646 317 
-725 -306 577 204 95 -302 21 446 451 -787 -851 928 177 813 452 628 -731 972 -198 633 731 -524 -891 -718 -530 -74 -999 -214 -812 291 459 943 0 411 763 501 -672 822 33 -508 698 776 491 949 -767 536 396 -742 981 115 647 -972 -838 405 316 -622 -305 -832 634 -842 363 816 -281 -158 -676 -689 637 -396 -568 997 -146 -393 432 -133 -430 99 -990 257 -457 421 662 220 -624 -62 -52 -676 81 -103 956 278 -198 -273 431 134 403 -88 -107 -648 -833 -573 
-586 -480 -427 221 -602 630 83 425 443 -538 -428 959 193 680 -211 -773 -424 572 -541 384 405 225 207 -379 47 -234 -515 671 -661 384 418 -400 -973 854 -588 -705 851 -638 919 121 228 481 -635 590 -979 630 918 -305 95 -350 -294 943 369 719 -381 -424 620 -210 318 -56 -105 -882 844 -452 678 -945 500 93 -361 662 605 25 111 -446 -639 467 -941 454 404 598 -143 -680 -978 -722 648 979 573 464 -226 -336 775 -861 -407 907 366 -281 512 236 -906 790 
292 -526 -740 -854 26 615 -344 -106 58 137 357 855 -899 -922 -241 164 -837 818 -516 -820 -324 -388 430 -664 616 -362 569 -487 41 -125 -544 -220 -344 279 590 547 453 786 -590 822 891 -778 515 187 -4 -814 109 2 826 -306 138 93 918 576 -707 -802 -171 -977 -213 -702 -240 359 -692 -715 27 -940 82 -226 -79 755 695 -371 -802 -675 -124 826 -483 542 0 -239 620 -626 -122 187 -627 382 274 -161 -953 598 -490 -807 -571 245 337 826 350 -463 208 417 
-691 640 -161 -39 826 663 -518 -916 -439 465 544 -225 -542 -630 880 950 561 -178 839 137 487 -956 -223 -649 -70 695 350 -453 -504 359 -945 -259 234 203 -381 163 -616 -573 -469 -432 -880 -828 397 -796 243 -701 -984 -43 738 -50 355 -171 589 -344 187 -180 -924 996 309 -200 -605 596 -519 930 -880 -213 945 699 -457 249 417 -928 -15 -235 895 602 -136 592 -274 794 -618 648 918 -101 -544 698 206 272 -394 -11 -595 -184 -612 643 653 320 -282 -463 218 1 
-952 -743 -13 -782 -188 -121 -529 -49 -464 -455 -854 595 664 459 -968 890 -584 -93 -223 -645 -955 328 206 -180 -891 -847 -141 -265 -235 -468 247 -236 626 700 537 -961 602 455 955 -995 892 311 -420 705 -210 -824 -799 -180 -690 -94 -876 756 -580 -385 -336 -179 -122 168 -148 -122 -732 900 830 446 -434 753 -149 351 171 -481 -723 498 -356 337 -108 -860 -151 742 417 743 450 447 -505 -548 -527 -382 -333 -48 23 615 -394 206 708 -335 249 -979 -620 417 225 466 
-594 382 523 -706 -345 -953 466 611 280 197 152 116 939 451 754 628 204 -640 -25 208 359 655 802 -297 204 532 -218 -574 171 962 -829 255 -484 132 215 443 702 -254 495 728 -645 -691 726 -341 370 -875 -155 481 334 49 -4 604 326 294 -392 -791 -627 148 431 -444 -205 510 809 -409 -900 378 536 -873 976 -791 201 -247 620 63 995 788 951 -371 472 230 -217 13 -278 -269 29 702 -111 916 -849 -806 3 -899 -131 229 419 -973 471 -361 365 -212 
718 -836 913 135 416 -534 823 926 -359 707 579 658 -850 -595 -750 454 -956 47 -581 -697 825 -684 -935 259 -575 -930 497 -151 21 -781 496 -344 815 460 -520 42 -662 358 -237 -174 -96 568 454 -988 660 -792 -582 509 274 -265 344 -316 628 340 -437 744 190 425 44 489 317 -273 128 756 -836 -657 12 -894 648 -420 -891 360 61 507 482 -403 880 422 851 -792 -752 -112 -290 449 -985 98 40 -446 925 838 -494 677 -936 74 -747 -385 549 96 495 -306 
-38 619 -610 -120 888 413 485 -955 -317 -745 526 -729 -803 -566 655 927 -381 -875 -400 513 -26 -290 -900 -429 493 308 911 -853 -87 -780 -96 615 -319 435 -881 490 -632 901 273 -12 501 340 -375 -535 802 803 -926 -507 -889 388 -749 623 56 -649 123 124 212 -667 374 -170 -368 541 -810 830 973 61 454 518 -378 -485 -116 73 -139 37 518 967 -946 -747 943 -483 -596 698 321 947 -461 484 -363 -648 783 166 -358 -7 -412 786 595 480 -563 -848 469 -397 
505 -513 -552 718 -749 -984 651 233 -886 -992 -579 -515 578 916 -37 -796 -424 42 -884 87 -252 895 -909 948 346 -221 -882 752 282 -348 803 538 754 42 -965 385 -215 -993 -62 -225 438 -790 -802 926 256 268 391 -989 943 19 903 681 99 838 473 -625 37 -215 687 -843 -781 186 -785 -493 -903 371 127 -397 -68 -807 -238 -439 305 405 25 -264 78 154 -858 344 -809 -162 221 77 -987 -363 -83 410 -781 907 638 310 537 -215 -765 -706 725 338 75 804 
-793 102 -597 839 171 824 -578 371 -43 756 -640 -462 17 -940 -624 204 -910 -869 573 724 148 -583 -37 884 -476 601 814 226 958 -624 767 124 -865 895 -955 -232 -650 500 -803 487 93 348 286 -933 -683 916 15 702 865 -128 123 310 -807 -676 -354 711 547 -598 80 -575 -179 -412 -6 506 -113 -381 -872 -267 919 183 -489 -77 -483 -503 -186 521 -471 878 106 707 -21 -163 477 992 -438 91 623 471 -514 125 761 -295 218 -138 134 -457 77 -949 876 -458 
969 -92 642 -88 -938 -28 698 965 -144 -758 49 -805 423 -751 -659 130 110 710 -505 348 638 -975 745 -245 468 895 -766 771 41 -939 873 -733 546 720 -145 78 -848 843 560 -473 96 -439 -92 -507 -362 717 -399 -100 317 886 -548 -139 747 663 -96 39 -4 998 -330 478 476 307 999 -957 234 -899 6 -267 -238 -896 -38 215 -974 90 667 -165 831 -521 355 -939 -143 -910 479 -445 -860 413 -761 -619 -30 931 955 152 -458 -627 -770 -632 778 -374 -344 149 
-244 -965 -577 197 -787 494 -354 -813 -37 265 -126 639 -336 -158 881 567 -454 -890 100 756 -460 -665 223 -40 -554 825 390 16 810 -801 291 869 207 -357 -537 -960 -222 -773 -99 -578 65 667 -723 160 642 47 336 678 -427 463 -560 693 -187 257 -389 464 -507 -159 -8 -428 -487 -19 -15 367 315 632 -439 -63 -816 -893 -215 60 298 123 -810 -191 720 -929 918 107 124 -598 -789 -415 187 -791 -537 -826 -798 -259 -718 60 -608 843 -768 625 -25 -374 -569 928 
-432 670 -176 -836 -730 -797 -716 -455 241 -859 -255 701 591 702 310 341 471 -905 -572 11 -810 -837 -394 -73 14 225 450 220 -348 738 136 773 -87 898 -277 -113 -132 -582 287 842 -362 510 859 -725 687 -205 -401 268 144 76 -136 647 529 -803 786 -905 -180 336 -234 767 -63 -905 -996 -992 244 929 907 -610 285 -663 -377 -910 -785 -524 179 -450 940 538 808 789 -313 -769 437 -367 -430 -486 600 650 793 -361 -388 -388 967 -399 -317 576 -703 -358 -817 111 
-264 7 660 -6 27 382 -543 222 -243 562 -528 -977 283 784 -647 -29 -863 -21 -322 -535 350 -18 763 657 -546 -640 -490 870 463 -770 -274 -510 854 -692 335 -30 -125 -644 -611 -141 -181 -485 822 -373 477 24 230 -941 184 -145 278 -620 755 -762 181 -449 645 -147 203 83 -449 652 -590 -143 407 -720 678 -174 -242 -217 687 188 -35 917 -276 369 -612 -370 -133 -398 148 78 -145 -430 -657 -347 961 902 -948 -968 -717 -996 408 772 -846 -126 -606 -100 -910 818 
781 -274 567 -45 -404 -903 257 489 -7 67 311 -176 -776 -648 201 965 499 126 903 -338 549 -201 702 -452 251 47 -603 343 727 647 443 433 -664 497 677 -762 271 662 -59 347 -812 573 132 -252 841 382 764 -973 142 -298 -881 -273 -435 -180 -987 -214 -625 635 413 -34 -561 594 -254 808 -938 -47 593 -250 935 389 -576 -586 876 -562 -687 976 -374 743 711 997 745 -441 106 112 -337 782 -658 -67 -171 363 145 952 -566 691 781 -905 -649 749 419 -181 
412 -539 586 -189 362 686 390 338 -327 -108 141 723 -845 -232 -994 -134 569 510 795 -962 -564 876 257 -84 -713 -715 54 -538 628 -971 -933 -916 453 -730 -149 2 -235 195 -597 -469 -146 699 -5 429 877 -94 -292 -707 -853 122 -598 613 37 360 341 -308 -297 -883 -772 -363 725 258 -63 -37 -645 -464 947 963 630 383 -992 -965 450 350 -838 851 862 -365 724 -7 462 341 -467 490 672 670 -667 -562 -23 -323 -618 -917 -223 299 574 966 -803 540 842 -458 
-108 -983 -259 -174 469 837 434 756 15 -123 647 174 -967 -348 299 -196 -388 502 -247 291 -546 924 -930 -870 -711 -64 352 606 -308 897 792 738 -112 -774 850 855 -258 926 -173 905 -456 -496 939 667 558 401 -764 981 2 281 306 -725 -714 650 -669 320 645 417 289 -733 135 -664 -546 697 -350 417 352 28 446 -861 -866 -902 -384 -342 530 146 -774 -925 -689 811 89 -106 262 454 -40 39 101 718 -324 295 215 -971 -737 -801 146 169 -943 206 173 647 
-524 -916 -719 -41 456 381 -558 113 807 66 470 -729 434 37 614 683 357 -68 324 -749 -250 -271 -812 203 212 104 -339 -901 942 737 114 -343 689 -793 -187 216 -625 265 5 -567 -563 671 -88 -567 5 -777 -173 -916 572 329 -696 265 956 -392 815 302 -803 987 -296 606 976 -989 712 57 -595 206 -453 124 686 412 -566 -999 -644 153 -467 -624 769 -941 -573 663 -546 372 393 782 -490 -941 783 -505 -517 -218 -494 -316 -8 531 989 113 703 144 -319 460 
700 728 -935 363 -645 416 69 -362 -826 937 -464 261 -94 167 735 -581 699 -854 -954 -580 69 427 962 -341 197 442 635 -857 -241 342 -319 472 498 620 849 285 -902 -403 809 657 901 -118 416 -730 -871 -111 898 600 -276 -43 -981 493 -108 -583 -166 412 -360 -18 -935 -227 271 -841 794 -376 -32 -487 -940 56 -182 110 39 -86 -570 -939 -259 265 -894 -381 -214 -795 32 693 -818 572 -297 -983 281 -49 120 -975 94 505 -452 -341 564 -852 -275 182 585 -444 
995 958 920 -199 360 426 806 -504 -970 988 -41 -782 256 -855 -865 -417 -609 -118 -538 700 502 -549 -276 -948 -335 170 462 -165 -286 827 472 233 -364 -38 -611 -778 660 89 163 385 -323 -860 -990 -338 -541 -343 -610 -777 -21 -76 659 411 250 899 -990 -51 379 429 514 -177 -130 -71 65 -809 -906 -140 -852 632 369 195 387 -139 -874 -533 937 650 650 294 -493 660 252 368 271 747 843 545 48 854 861 395 967 -314 466 22 868 -859 -184 -341 -858 -823 
600 271 -440 -228 914 -78 214 -322 -427 599 -738 854 578 -620 746 85 570 -635 -322 53 109 468 621 977 -555 453 -70 -124 451 -376 188 -921 737 670 -303 14 752 -824 919 -446 -725 932 976 293 -460 42 -356 25 750 15 -556 803 -269 -103 -980 551 -8 443 913 124 -970 -286 677 243 -589 -33 190 306 569 541 270 -130 517 918 -537 568 -341 -734 77 375 856 -576 314 400 -96 545 301 -886 -870 482 138 -483 -454 873 -336 108 862 858 -801 -511 
300 962 738 -375 66 -828 -668 849 366 787 582 -521 -233 -632 768 412 -612 892 14 776 852 953 -618 719 -801 -115 -489 84 -588 239 -467 27 -662 -346 -366 -235 -429 -674 720 -698 -970 37 29 496 404 -427 -394 790 430 763 88 -941 54 -368 -173 593 -556 927 -279 -839 978 151 -890 848 98 -887 -192 -616 -641 148 889 191 418 -504 -397 -156 -873 -487 -468 479 -385 -603 -645 49 519 64 819 941 194 950 926 -595 235 609 -901 -464 469 -412 99 -558 
631 -633 -471 262 475 181 1 -231 583 203 -205 -96 190 -750 -448 338 304 800 948 -471 -664 426 -227 326 -788 821 228 -213 -845 510 203 -851 59 734 -274 274 -23 -13 -83 496 29 732 265 -682 84 -749 -43 824 280 -296 720 -562 -113 108 -264 428 800 -820 -302 440 11 -313 888 960 962 -830 570 10 907 -614 425 25 616 642 688 -916 657 263 916 -647 -736 -287 -818 179 -18 595 -434 121 -635 -771 -181 736 -202 48 -158 -454 412 106 -92 775 
161 131 859 643 -71 -616 662 -719 -860 -586 699 463 600 290 317 -758 94 -417 -256 -276 299 520 -591 259 -525 367 -351 748 27 502 396 433 413 -171 301 -345 191 499 -499 244 741 337 140 664 -338 635 519 777 382 921 -132 -860 732 -146 979 217 -341 -561 805 942 756 990 969 752 -772 -664 -67 598 947 997 819 -850 734 -434 -986 597 -627 253 -885 161 -321 -728 155 -190 341 -931 384 2 -490 701 -618 -16 482 763 -619 475 57 -83 445 262 
484 -651 2 407 -908 448 -808 141 -37 86 937 66 385 -340 877 846 -359 968 -22 -915 -333 763 -715 -582 -285 516 711 -780 -239 994 972 -977 731 -853 105 23 -510 420 -44 -382 -63 353 25 996 -853 -83 907 631 581 556 288 -805 730 -472 600 523 471 -791 -161 873 -497 -70 -510 -245 824 840 -184 854 -491 -300 257 906 -122 899 -77 671 894 -244 979 607 -596 723 874 828 380 -156 137 -780 -297 -5 406 -549 -199 -166 47 968 -486 195 263 235 
-120 599 -745 -306 379 262 71 -646 -311 592 -490 -668 -484 756 631 744 -847 872 14 253 -845 -223 66 122 -464 -108 -629 -752 362 436 -195 -392 -999 -867 990 310 591 -231 -314 806 125 218 -315 919 -387 64 201 -609 336 -661 -407 902 186 -285 -948 -387 -93 -873 278 -239 -9 812 -772 -997 824 -513 846 610 -397 228 358 -372 537 -71 727 856 56 -739 160 -392 450 926 824 751 356 -934 580 974 850 268 976 211 -614 -942 -564 -659 -562 580 855 -959 
31 -520 -336 -407 -722 -315 35 791 -851 53 754 485 622 -241 -539 -649 -469 -219 531 419 527 465 -15 280 66 366 -525 -411 555 940 -542 837 474 -100 309 -24 660 542 -13 596 83 -520 -536 84 253 -888 759 -609 556 924 -585 -651 -665 0 801 -761 -656 -232 914 -787 558 -880 -267 -356 36 993 459 -697 330 821 -178 22 -285 252 -6 990 -313 -679 -627 832 394 -337 -974 708 -587 545 849 911 -916 -903 -7 707 824 231 -911 -385 934 749 -676 136 
-239 -679 -508 -178 372 867 88 -534 -645 -96 825 -641 779 263 410 -224 -121 -662 -273 -191 805 584 -912 -576 -512 361 607 678 576 -54 -194 -455 -128 -22 301 236 -393 101 595 -86 746 207 858 887 -849 -125 -695 744 -67 773 -771 573 883 558 -416 444 -769 -225 -347 -32 617 -752 -261 459 512 -799 984 -312 -21 576 -687 756 843 -947 -704 703 -177 -596 966 -234 -776 -70 -975 923 944 514 239 -1 -827 176 229 -297 786 653 -550 -251 32 -283 992 -782 
-511 -170 20 -487 -537 -117 531 -858 -885 577 -800 -144 544 407 -547 506 313 436 -625 -207 193 -684 -83 -343 795 -469 834 -335 129 -306 722 121 633 -73 498 377 581 648 -301 -195 914 -574 -719 -505 428 406 -401 36 -663 492 -266 -311 363 -485 -545 -433 19 -119 61 597 779 301 39 70 514 -503 597 -60 -106 484 -296 -668 317 7 648 -622 157 -81 785 -937 638 51 -722 -480 -83 -362 977 -271 -550 224 666 531 -451 425 -33 -230 173 406 -781 754 
585 103 -733 275 691 385 533 -765 -638 -872 -358 4 -608 184 766 -186 -196 92 741 39 -767 -801 689 673 -809 314 -862 834 561 -643 342 194 407 -702 -366 -431 -699 -961 408 240 -852 371 290 -565 -416 307 749 -317 907 878 962 416 64 -26 -390 511 -574 -992 -871 -567 -521 -689 669 -658 -960 460 -722 -824 395 -687 505 -22 411 -401 -888 595 14 -915 61 111 943 -933 -536 -627 -306 886 101 -169 894 -828 -934 -114 190 -453 200 828 315 806 888 726 
-780 -560 160 73 -218 -451 -74 206 -599 -531 -995 625 403 995 -257 -441 852 -3 322 -441 594 -875 -97 -232 -441 465 31 -924 25 23 638 -436 504 -845 893 -483 -563 -28 -253 82 -318 -661 -731 -670 397 150 -865 -332 -879 -443 -414 -311 311 -20 958 680 -767 -7 -894 840 -895 -897 946 -654 384 -998 56 -666 569 -132 63 -568 664 -760 613 -157 533 -971 992 -780 902 486 -29 -605 -587 752 -943 182 646 -564 345 -537 -892 118 -502 368 388 -954 -118 -765 
-574 -667 -405 288 -52 419 -499 217 604 -833 -518 -519 739 -201 -946 -139 -69 -679 -106 434 -197 857 876 32 17 -707 696 861 -357 454 -199 950 455 -440 -555 617 -907 -404 -827 -665 -302 -892 -235 -719 543 -200 -268 489 537 -489 -73 371 -774 496 -285 -740 497 -21 555 682 478 -398 -497 -387 689 228 966 -947 -724 292 998 276 422 -307 -278 -643 -742 249 787 806 392 -941 -101 -893 235 794 -266 -341 371 856 -797 -217 540 -174 -78 721 304 -247 -874 -222 
-215 -375 -34 7 -631 985 -129 109 -355 -293 853 -421 -336 -188 146 -136 973 78 229 -779 984 445 -456 188 678 623 564 -519 -213 -184 -266 -295 -405 934 -386 505 -646 560 581 -423 688 701 0 -703 -560 962 396 -677 449 -251 737 -975 -432 912 -151 -247 564 904 -93 503 138 672 -92 546 -510 -104 -241 298 530 283 29 -903 -357 -257 -866 888 129 70 -399 612 943 309 -960 129 -30 12 -520 -498 485 254 177 585 46 929 -182 -307 -329 553 911 186 
681 73 -371 732 -628 610 718 808 434 375 673 114 430 344 -348 -805 -865 14 645 970 362 -424 -651 -744 -201 292 326 585 -798 -352 624 416 -354 -430 999 867 -930 -899 7 216 -700 -579 -708 -297 -442 189 -701 -408 14 72 -602 -762 -254 334 -297 -220 356 992 834 408 131 -843 512 894 -847 342 -870 239 -961 -344 -901 265 655 673 58 193 -656 957 439 -360 -472 169 348 -774 -178 -592 -202 -827 606 485 917 864 377 -79 97 -86 708 -42 53 -723 
47 -365 -111 -708 -62 442 51 265 532 295 703 26 957 610 -545 -578 725 -905 -668 -870 -260 428 -546 58 476 19 249 -771 -44 -551 -758 -144 -809 -801 -335 967 -19 288 -857 -657 -327 -245 74 -216 -988 690 -209 353 -952 -54 -328 -515 591 916 671 -506 981 988 -766 -729 484 344 384 975 -825 -300 499 -198 -286 -452 271 459 536 306 -406 800 301 905 101 -99 -970 -727 906 276 870 -883 -929 -157 -652 -590 651 368 49 834 -881 737 -378 896 567 -425 
-786 332 721 -772 680 -918 86 -885 289 455 655 424 88 -139 866 -944 698 647 -50 -533 848 -465 308 -65 918 -49 223 343 733 -499 -731 -676 -444 659 639 -268 250 246 822 865 -832 -531 55 -413 510 157 145 289 35 563 -972 772 -103 898 -43 957 -183 -81 -544 -479 -69 210 -18 -205 -262 750 -49 -47 -698 -109 618 81 665 818 67 142 -329 969 -395 -794 552 -16 -119 143 481 44 550 850 -790 -597 -214 823 561 991 -984 890 888 -457 627 -172 
-21 771 530 -747 549 -306 5 337 -468 50 887 353 370 -889 -363 -292 806 -860 735 910 -390 634 237 512 799 861 100 721 375 -595 -55 -780 -366 -635 726 -261 803 -78 915 691 60 663 296 -824 -64 22 -80 -550 -832 322 -320 -263 977 -564 -847 278 -796 283 475 -734 143 832 -605 -269 -134 761 142 -940 612 -747 943 -347 -360 -736 790 604 -525 240 539 -389 -992 -769 -231 -350 -730 202 -362 -761 264 802 395 276 703 -823 584 -273 -197 184 794 -888 
-760 31 -312 183 663 -651 -453 893 -310 250 420 389 917 642 371 -621 -318 -381 861 596 -83 -632 -338 358 943 -281 -296 506 -953 849 803 479 -506 689 -378 -415 -630 -177 29 -245 -482 -458 996 -951 -863 331 916 850 428 903 -580 -427 128 903 -38 -727 -335 -598 -141 82 -892 724 -633 -919 -801 834 -863 155 129 -763 854 -99 247 451 428 215 849 810 -427 -856 -555 303 837 -407 684 479 -871 469 -142 915 -15 295 626 770 -769 -235 546 -830 721 596 
-925 -672 124 -939 -612 -927 90 -505 -473 592 935 -859 -27 809 -226 234 102 -602 -86 322 309 913 226 -45 -694 154 -676 -500 456 -990 878 662 -400 -353 377 -447 286 -159 -208 481 -741 660 408 440 -581 -784 233 -738 873 198 -324 535 -952 -596 198 -891 -820 540 -412 -418 -888 320 472 -369 -727 194 -188 226 -556 -726 252 964 900 615 106 795 -113 713 -412 782 747 102 -407 61 387 645 -587 132 -665 281 -935 331 -789 959 111 128 -538 -671 93 -601 
-489 324 -280 -543 -749 175 435 -524 -941 -866 -287 -270 196 -161 -224 -75 663 755 -41 761 -437 752 -910 -270 -208 -268 475 297 127 573 700 314 22 -329 -965 -112 608 726 5 -324 68 398 -577 -158 974 -384 -87 597 628 806 -692 124 842 -887 -370 517 672 -943 -243 -207 354 21 585 -855 138 796 645 345 82 332 415 -749 -667 -62 -362 -139 -986 89 820 -459 849 -185 -67 -764 -823 -900 -665 -638 571 149 155 210 250 -759 -396 -218 354 42 -522 179 
-519 -505 -823 -320 -853 -376 -874 556 742 787 -783 -729 -425 -459 528 275 -749 946 -764 -942 -384 808 -290 394 973 634 69 167 -937 -358 726 -360 31 -831 3 -515 457 746 -1 -545 942 484 -400 569 -619 -920 -689 -649 238 -262 53 725 -640 219 -553 -174 -869 -945 -444 148 89 691 -67 974 -791 546 -555 336 213 640 -431 -722 -898 -330 561 -731 916 856 360 913 -758 -315 746 -869 -902 861 -35 -702 -490 -656 -463 -961 -929 -131 -637 -10 578 -424 -321 258 
751 809 -636 -95 620 369 -203 -367 315 -778 -923 -719 -424 -255 187 -933 847 143 -913 -791 -221 -882 -27 -394 82 328 -216 344 -649 -355 -247 -997 504 -963 208 448 939 -356 338 37 -213 529 -836 -489 -128 761 560 -674 958 -81 -601 201 -83 -680 -274 483 -55 477 236 -492 -557 120 387 -5 320 988 -947 42 969 831 -782 963 796 737 -385 171 -551 834 -303 -603 -904 -745 60 736 713 -634 829 -292 -731 115 -193 -831 -636 -646 421 897 -402 391 -125 448 
-921 -102 907 242 -363 -505 -627 780 -300 -674 327 -578 -484 -225 733 -681 402 88 203 -646 -339 651 -606 88 706 -702 519 -769 555 5 -269 554 -916 -282 -66 841 647 10 30 -285 -384 -420 -520 737 -549 -563 348 326 262 383 479 -972 -6 -997 763 -278 854 -352 930 867 -586 174 -125 136 -728 -166 -244 721 65 771 -350 -296 -738 -996 885 152 -19 203 304 845 45 914 504 236 516 253 -469 -36 200 -323 -500 -346 -720 978 -68 74 -339 -298 -124 2 
-988 -504 401 -693 685 -449 -665 -719 785 -248 -191 -133 -912 154 -232 24 346 905 995 481 71 -745 -770 655 681 -846 -761 -65 649 -725 -811 -92 79 -61 835 -644 550 -564 -964 445 -576 349 -561 786 127 886 758 785 484 -923 617 672 -612 16 9 -552 792 -387 419 128 244 872 -391 318 -885 251 160 674 -863 -293 -170 -156 -839 97 866 -200 433 414 393 -361 428 -93 559 776 694 296 771 623 997 436 767 421 -833 917 543 25 247 -207 752 -610 
-867 -100 19 142 -459 -660 -118 70 207 -542 -237 674 295 394 -252 362 -226 582 438 54 -238 686 941 214 -294 34 471 670 -452 -124 291 -103 723 584 -379 779 508 598 -224 -588 216 -949 -293 290 -952 -429 -601 134 -620 -918 977 -525 -276 -157 340 -821 -508 -584 929 -29 10 468 506 624 466 879 451 170 757 -864 338 -375 -195 -696 -623 470 -563 261 194 716 -529 -20 356 678 518 -605 -756 -125 -787 254 629 568 -320 -534 59 358 -157 -361 556 -884 
448 -199 633 663 813 -487 85 -953 526 608 -396 -20 -801 109 510 809 101 -25 -100 -80 615 -739 -717 -249 999 -635 231 -638 997 250 746 729 150 906 -754 -348 313 -609 -353 -955 876 605 -571 901 141 -468 201 -701 4 390 -818 720 879 212 339 678 590 429 559 339 -407 671 460 977 -561 -582 103 425 -895 -439 -800 568 -41 -62 -659 632 -463 -199 996 19 -695 -647 601 580 784 211 757 607 182 -110 -143 730 311 -906 186 708 -86 225 -954 238 
252 183 438 -600 942 -119 116 -459 218 -131 919 -590 116 766 782 668 -992 -614 658 -504 -466 85 95 -385 382 -72 180 697 -88 -321 -815 362 603 26 34 812 153 -614 -830 -828 -7 -146 450 -216 -898 639 -413 -465 -41 -550 640 -974 239 -339 984 -342 470 -164 322 218 704 -419 -470 -609 -283 481 620 -875 466 -76 80 -83 198 -345 189 -988 -801 852 409 -386 534 362 -136 108 -583 315 379 -118 -40 179 -387 589 -309 922 -744 115 963 -492 -195 547 
655 -985 -484 863 0 629 -55 -792 -442 619 -960 490 93 -365 -309 288 -237 189 -782 857 -964 -493 875 363 -215 -370 -837 895 -124 -845 -357 174 -984 131 759 988 391 722 -588 378 732 -850 256 809 -37 883 303 -660 14 325 964 -771 -758 462 213 -508 489 698 931 -765 -647 375 -968 790 -266 769 33 482 596 253 -721 -221 744 -227 322 971 457 -788 -810 353 873 731 -703 -145 -168 -164 83 -577 -196 -427 151 103 -710 -361 -37 -622 504 -808 715 -942 
503 551 -301 -93 -301 -226 -612 -910 454 -10 975 47 909 -51 89 799 905 -373 -922 -299 449 599 641 -982 798 628 -5 -820 135 752 -157 91 695 255 -594 -254 -203 -805 704 -612 51 -657 145 -762 -527 -379 548 220 539 -843 -524 567 -119 -464 48 734 -58 533 890 -246 -637 698 843 -777 -787 -243 -902 728 -299 739 164 803 591 905 -978 -979 142 947 -646 616 790 -198 583 -125 107 425 -963 793 937 546 -321 -635 163 925 730 -796 -904 313 453 -868 
867 -953 -478 21 579 531 397 -746 -484 661 403 -943 -892 -552 -355 -95 72 -287 654 -684 207 -669 858 781 800 -671 119 795 -711 404 233 -689 -31 862 641 -909 47 270 158 -65 906 173 327 896 706 -495 224 603 583 -639 -796 103 386 -503 355 -679 -855 -377 -572 -164 104 -51 -203 761 940 600 -439 580 26 417 249 553 904 -158 879 765 -926 700 479 -73 -231 -16 -329 -663 -648 -837 -790 -126 623 117 -424 919 -252 -932 -304 -166 -537 -819 -655 -542 
-228 44 -274 -221 -753 421 977 -480 396 66 18 263 894 86 -352 236 -151 825 695 -503 762 310 587 388 5 922 324 330 135 -850 667 -261 871 -537 -555 -801 519 341 -154 888 -448 898 401 -279 517 -189 557 -258 -674 92 -182 276 553 -313 989 -286 -92 -314 112 -488 495 506 -194 304 -576 -909 -42 -909 7 -766 -593 695 -891 84 -125 -650 87 -288 344 -536 943 -765 -405 371 -100 -438 -2 570 633 976 268 -34 653 602 -694 -295 610 767 -663 -935 
-640 708 866 43 891 -960 -678 757 283 516 343 26 -973 -90 -662 208 -308 350 -386 652 91 -439 992 650 -191 116 -985 766 -685 548 687 -185 -310 100 345 -811 -717 87 357 752 -686 -865 -636 -781 -341 -490 528 -638 -111 244 -795 -768 -325 -816 -476 653 356 138 -219 143 -565 841 214 254 812 625 -189 -812 -379 -936 941 -643 923 -478 21 789 446 -542 67 -696 786 -782 -997 574 -159 -619 -440 -602 -666 -564 381 563 371 -650 -529 877 -178 324 -953 826 
696 -653 -488 -523 -497 620 988 390 -979 -862 -60 619 520 -342 272 -179 700 -72 612 -337 -746 568 -43 -605 291 843 -957 462 -935 923 343 -683 349 625 -33 528 -123 -835 904 367 -721 286 -156 299 -549 -460 -91 -809 -252 354 33 -842 205 -728 -754 711 -150 -455 -264 223 293 272 -790 775 -797 -703 -838 -58 -809 318 -319 -448 605 311 -559 991 858 -626 -216 674 634 -582 -427 404 322 -581 -647 15 -687 -689 -592 -471 -487 -493 -808 -514 755 75 -558 374 
-198 -594 -9 -855 614 148 261 -559 373 642 -846 343 -154 97 17 393 -90 -526 492 18 -465 469 -638 -76 -122 674 -959 -86 -100 880 -11 754 -752 -315 442 689 364 -322 143 175 -131 208 812 -762 511 -386 758 -683 857 -252 -119 82 -467 -444 421 448 -885 207 -19 -259 663 79 21 -896 -975 692 -950 538 -700 -324 918 202 -806 -930 -331 -218 486 9 330 -208 -782 -999 702 741 802 339 467 452 -815 -558 116 29 -964 840 96 -719 -156 946 -753 -702 
272 694 124 -382 -5 -266 -804 -216 2 682 -513 665 833 -710 -187 972 855 -70 -469 -102 -336 873 -554 804 -542 -948 864 -547 306 503 745 -342 984 220 -16 -849 -239 320 819 853 -436 -302 -252 -791 376 -770 229 -457 988 -967 357 -632 463 -498 -197 -728 634 -390 -77 -365 43 787 936 49 507 -569 90 -975 -349 882 161 -901 331 -608 80 -216 204 917 -243 -898 -552 985 745 567 -313 464 -268 -542 211 314 939 973 -834 679 -411 537 426 -778 -14 719 
954 254 501 442 -247 -772 -531 -410 -272 671 895 872 -124 -847 -753 -578 599 -320 63 481 -354 -276 759 -479 -589 -46 414 544 557 -127 -296 202 333 315 129 244 -653 -601 274 -477 -278 -971 978 271 -377 -614 15 855 359 85 437 655 562 -303 375 512 -525 -499 972 -856 299 657 -460 -982 -594 898 -988 607 75 -512 -73 670 -478 -258 414 609 -174 -29 -143 -400 -943 -121 -73 -702 -888 -600 707 -726 -250 478 888 439 -956 -219 -106 -857 -526 -510 214 197 
-623 -9 -396 -456 177 362 -869 55 -308 12 -595 251 -125 -754 -213 483 -209 234 -477 815 -565 775 104 662 -671 573 791 849 43 683 79 -236 12 -619 -399 -863 -714 18 -559 -728 -682 317 -396 -722 -771 -797 947 -462 72 190 663 542 -429 960 198 620 -734 -366 -867 -409 377 -355 -249 -740 -235 -455 246 417 579 845 -288 -906 -577 -777 -988 162 480 29 102 215 827 -476 -857 -720 -258 975 -903 859 -730 -405 -919 -614 -205 -999 719 71 795 251 -933 -424 
101 355 -656 799 24 297 -274 -794 836 901 27 -46 895 388 -589 85 178 926 -256 -791 294 -856 -500 770 650 142 661 -60 -625 -492 792 158 38 941 258 -276 -679 -980 707 -836 -280 -783 132 810 -995 367 -477 -491 -718 -27 509 311 -718 585 -68 23 -35 -308 282 978 865 723 -539 90 -378 -390 204 -155 -591 -290 537 26 332 -868 224 -632 612 860 -345 104 684 650 -873 -435 569 -449 499 -359 493 -380 -961 -774 664 392 -485 -515 597 154 -41 434 
729 -455 -406 -631 -286 291 -409 428 501 75 -576 -290 -527 -401 238 -989 -45 -567 -417 -593 882 765 -926 -44 37 67 -304 711 -519 182 -252 579 336 820 -691 -695 -265 -144 113 -434 600 685 172 982 -856 -213 -758 -840 -687 80 290 531 -149 -465 645 416 -241 -667 677 496 -539 541 473 -153 -17 -992 993 730 934 -679 502 878 -556 273 -859 -703 -398 663 -813 461 643 -861 -973 -253 -151 827 454 173 -209 -195 -837 39 775 -985 368 40 -163 -52 240 883 
85 953 -242 -701 -919 -257 601 79 814 -974 -319 -877 0 -598 -958 -328 -429 -400 255 637 -452 212 -807 -210 480 341 816 604 -61 -168 361 166 172 -683 121 886 104 -664 -606 136 701 -436 284 528 537 653 271 -22 810 342 -602 -490 -505 312 782 -477 39 -731 336 -605 -39 957 924 -511 -156 575 615 -289 345 -102 23 12 862 -626 661 52 -67 -483 -598 -224 501 -514 -387 -983 -665 -29 244 -617 140 -46 -70 215 590 522 -671 -3 333 -49 -175 -914 
-341 656 -257 -286 -238 622 -454 -823 941 -455 947 -764 877 -177 -45 62 341 885 -606 -662 937 -327 469 727 -221 719 368 506 86 99 965 -597 -697 -657 -788 795 753 270 -524 -859 728 -319 -574 404 817 -831 -200 -732 -423 -908 703 371 -716 -484 785 -998 351 -132 49 423 752 477 748 -66 -84 433 -467 -489 -854 974 -780 -430 703 742 -185 969 938 -564 -844 -83 626 -414 525 724 -483 658 766 561 811 546 -820 -538 -646 -172 759 502 651 837 570 -706 
-690 -179 376 598 66 -953 -6 -773 -456 -679 463 -497 -631 -553 627 -469 -955 227 -148 668 -194 -240 -191 941 157 -295 772 860 836 -412 -749 232 -260 251 386 673 -456 -820 907 -535 -278 -153 417 491 925 -743 137 -967 251 952 59 -805 -431 -401 -535 -963 200 298 293 488 486 588 24 -916 -843 -264 -816 -843 226 718 -430 -699 825 -809 242 465 -945 -654 687 590 -967 -608 515 -779 51 742 618 -162 228 -551 993 138 129 383 -471 -660 536 -395 -916 297 
-977 -508 16 -907 572 471 -790 176 -570 121 558 970 532 363 780 -940 518 669 -643 -913 -415 -554 111 -903 -185 549 -986 -930 22 -855 709 -364 -624 -738 -213 610 -164 -62 -983 402 -45 -177 -460 -300 -378 58 199 -322 -393 -716 467 -446 -794 -736 537 567 -907 -83 447 -693 -266 -444 339 239 -668 -812 965 700 -840 -219 0 -379 774 851 762 -674 -529 724 962 28 -512 348 458 637 -420 447 142 -502 6 -57 821 -598 -542 -521 -987 386 460 895 444 394 
-631 978 -499 -54 214 -859 792 654 263 745 758 630 -111 772 972 753 802 -645 -386 -197 -736 -21 -410 -275 -441 961 -659 -915 912 -778 42 -386 95 -720 -326 -791 -580 709 959 165 524 -270 764 315 -415 460 128 622 305 829 433 362 875 -86 235 -366 751 -182 -118 -873 247 458 -850 414 -199 263 245 -886 -897 20 541 411 345 30 -782 -67 -823 941 -123 -964 -136 -556 159 990 824 786 589 -797 10 -86 -172 1 889 298 -265 651 503 680 832 -84 
728 -735 -372 799 -132 -579 418 322 137 -642 269 346 392 776 -656 281 -625 -594 722 693 -481 242 740 -580 864 -642 -33 -147 -157 -430 177 169 -410 -91 -14 -629 342 991 -965 -525 -152 215 751 -566 -472 -855 348 441 -793 -285 -60 -989 -41 553 -88 589 641 598 -595 -492 290 637 -838 623 -598 998 345 733 558 -811 404 704 -826 -72 459 -534 865 184 932 -513 512 163 -374 -612 970 -472 -127 255 -617 -437 1 -584 639 -871 146 -729 107 -961 -16 -82 
-268 486 479 441 172 -614 545 -525 -469 773 -106 323 516 -843 -805 -553 -81 830 -785 329 -416 -956 779 600 144 -353 -919 -159 906 -635 582 -530 -334 499 -253 453 514 132 305 -795 -43 -682 195 -491 320 554 497 622 -562 -669 -221 698 116 825 -789 693 -611 974 -378 -644 -713 754 -947 -620 -506 -869 664 -51 127 -105 939 -337 -472 -931 980 -420 815 609 19 719 192 -41 -461 -333 -212 -445 -727 399 71 -49 -653 -662 857 -467 -116 -966 -24 -754 134 -270 
-708 -934 -889 -13 -69 105 815 -238 -689 -782 -343 -638 709 643 961 -988 -40 -271 421 -682 574 -375 783 657 337 -154 -829 110 969 108 53 521 -384 -323 733 -737 239 955 -346 565 496 101 955 65 -780 918 -541 -475 -577 -525 -976 -854 353 780 -14 -854 198 205 -910 609 -528 -578 -915 -523 -604 -968 773 596 956 -335 -769 742 275 -757 -239 803 -210 848 -77 134 -479 -70 304 346 -664 560 -323 -251 -831 83 -391 499 527 -973 542 405 -664 -204 64 426 
233 22 -924 -468 -304 11 203 591 -253 -718 935 -266 16 -811 -626 199 613 614 214 537 -575 936 -912 -180 -93 827 -504 16 -349 368 428 -728 390 31 844 969 -866 -130 9 974 -711 -509 393 -217 -478 372 443 97 -938 373 542 -912 -97 826 191 -405 854 263 843 983 -243 -284 -557 -152 -692 926 670 -597 -170 546 -852 328 923 147 968 -401 -345 -625 149 440 235 -738 -67 864 -773 259 391 905 304 -98 -840 714 7 569 -821 0 83 842 852 236 
343 -983 178 261 543 -205 -700 63 680 -601 -554 -220 405 999 -668 -478 -60 -390 -810 -529 377 872 -715 -359 -359 -898 -490 -975 818 -173 245 906 -638 723 484 -468 350 26 445 574 -324 91 -804 749 -621 578 -391 294 58 -232 125 -829 807 -842 -820 -588 -734 651 874 771 -582 714 -7 85 614 -178 -933 959 -657 896 -173 334 652 580 -231 754 926 999 -914 292 335 779 -883 -995 -691 -713 -45 226 259 441 425 -330 34 -866 456 -89 -716 -724 -787 580 
307 822 -146 -115 -264 377 604 -652 342 900 593 300 432 -290 852 991 -279 179 324 -148 916 39 522 521 259 471 -790 526 -916 332 -524 -44 601 -693 334 164 679 98 885 -453 -638 251 -12 669 -888 166 -732 -913 612 354 965 674 372 197 197 -978 5 -706 799 188 829 -193 190 135 738 263 -517 739 -446 -129 -405 -545 739 411 686 40 733 301 -276 -569 -107 813 792 -540 -981 868 -398 -365 463 385 -216 -841 -64 396 413 -284 245 978 -715 -670 
-240 521 160 -865 200 -115 -794 421 175 -558 -613 -547 508 -573 -164 122 986 -733 -207 801 -543 187 -165 -168 116 -661 584 989 -349 -955 -923 113 410 -521 99 -139 106 -480 -818 908 -737 677 -461 489 331 597 -375 419 593 -774 314 936 -940 537 -871 -578 -222 -515 126 -872 -876 935 889 639 360 433 452 719 825 916 -107 -308 -507 -961 339 -59 -616 -583 295 -639 -313 889 -179 -313 -584 677 899 35 -303 -592 481 -346 343 -607 794 613 169 -256 292 -66 
620 -126 -917 263 304 -737 259 959 939 706 6 -494 141 809 170 544 308 -778 -537 -403 986 -249 848 -161 -155 393 -991 283 341 667 153 -422 -669 936 376 -477 841 485 235 873 429 -763 -762 415 858 569 105 697 457 541 607 -723 853 975 -821 482 557 369 108 -495 -803 -246 220 -150 -433 200 604 105 -673 -150 -477 249 -443 844 839 296 199 -782 -926 923 447 -151 -823 587 -271 794 -822 -359 -152 817 -771 903 -495 -826 -459 -952 -792 402 807 -215 
451 861 -949 768 -67 -274 -639 -244 548 818 -282 -762 381 666 -193 -441 6 567 -43 -390 -51 199 -181 -372 448 869 -115 650 309 269 -855 -205 588 134 -117 -635 -950 -269 700 573 0 -556 155 569 283 104 336 273 -635 -114 -115 -434 781 909 413 882 -125 906 -446 -639 319 561 707 -58 -893 965 587 -334 -650 -780 -232 9 451 133 91 22 706 -852 -789 312 -442 136 200 -203 -809 595 -811 -633 546 978 622 -883 398 966 523 443 -304 -37 -805 93 
-375 -64 246 185 367 927 124 -477 -398 205 514 645 416 -244 -769 919 629 -977 -542 876 699 -145 -585 974 -63 -499 554 635 -486 943 772 383 -461 535 772 -371 -687 681 -600 -527 -710 619 -964 320 540 -854 746 948 900 243 -276 -968 401 168 -761 -629 296 725 -895 -197 849 -518 500 -560 50 233 331 -124 -44 -789 -59 0 395 599 -463 -191 538 275 538 -573 -266 -721 347 -243 386 -938 941 -59 -444 318 -202 902 -217 803 749 -184 993 -1 -260 -744 
-35 742 -563 -304 580 -80 57 352 617 -514 141 -995 91 897 655 -927 543 39 -64 -83 -259 841 395 -693 -535 250 -939 351 -674 977 -634 15 -129 -688 -289 256 438 -26 852 764 801 523 157 698 -534 -861 888 -323 -961 -290 -478 -104 -14 333 -426 9 -774 983 -170 -380 -270 -435 -864 634 -808 -660 -765 418 993 554 714 430 683 315 -664 -214 348 -900 366 401 -101 -976 -502 881 -596 250 113 -511 -232 -445 190 -88 140 693 -924 -519 -40 -49 -375 980 
-940 907 -340 -538 135 677 -136 60 -479 -115 -174 477 42 -401 376 183 330 -503 -413 611 -805 525 -769 -837 -940 -808 425 539 600 811 993 -465 0 713 704 -660 516 -375 -4 562 -776 -780 -470 -231 365 346 268 305 -579 608 836 199 -52 845 -952 309 -884 -673 -786 226 -696 271 -309 -13 252 -964 -401 -760 771 351 300 850 -879 -276 -409 -492 171 -927 -714 -408 205 442 -932 -955 635 284 81 -626 826 -760 981 -876 -753 -468 -241 -929 152 197 -862 26 
20 -488 848 -163 165 -62 -638 -777 -651 101 -10 844 1 -396 611 964 519 -383 -295 -619 102 669 -619 218 -770 -983 621 965 -578 -861 231 817 813 139 119 83 156 -976 697 354 -989 -747 -500 -779 481 -128 305 733 864 564 26 -476 41 -834 -282 -508 -252 -202 485 -405 -956 -321 488 150 521 905 747 356 677 925 -258 245 876 753 -680 891 190 -611 -530 -152 232 -506 -997 -959 -934 -934 264 762 266 787 -161 -958 226 -232 707 193 446 193 -325 -569 
953 73 -161 344 -991 -94 -285 -627 -552 36 -934 237 77 166 -147 -459 259 81 -356 212 -40 201 580 530 -543 862 -494 962 -811 -589 160 -138 -216 981 -994 -926 -815 270 -573 36 -50 -645 469 356 -33 -348 966 -41 145 -621 928 -727 -83 -913 -22 -750 -807 673 -436 184 445 -73 0 -89 -640 -632 -990 213 949 -264 434 -823 905 -124 -857 -100 -417 481 -153 -263 862 505 -235 946 -150 -395 611 -188 -911 -974 -704 277 -249 950 -612 -765 -276 -230 -397 751 
-108 -323 262 -47 -248 -601 777 271 484 67 600 449 778 -247 -5 359 742 820 -539 262 681 96 -552 967 442 327 -828 321 354 -796 -528 -959 -825 199 -399 -385 -212 858 -535 139 144 -811 697 360 -699 -538 -813 392 -991 611 986 849 -245 907 291 -785 -921 -526 297 603 403 85 -949 426 -170 -979 401 986 -179 -545 248 -311 -888 884 75 -794 -75 45 179 -643 -403 282 352 909 -28 836 -215 -219 85 928 -975 399 990 725 931 492 784 -744 496 -687 
-902 62 -121 72 382 482 692 -397 101 584 845 -331 288 218 937 -62 -761 298 898 -280 853 -640 -994 646 620 -436 -456 757 -35 -202 965 197 -324 -883 -540 -606 106 198 350 -977 219 710 -961 241 362 530 180 -249 -14 -219 -962 -694 -345 66 862 -24 660 683 43 398 311 610 128 -194 -830 -234 -903 237 764 -848 447 -535 384 968 -821 -391 -348 -654 -263 -834 -923 -498 493 353 -798 551 443 -163 351 385 -446 639 -517 865 104 -684 21 -295 45 -830 
-198 593 817 -118 867 293 -64 -779 -763 -909 840 949 -615 148 -680 -578 -834 285 739 597 876 -89 934 240 684 -667 887 270 -228 -324 -649 865 -161 832 979 226 -180 925 405 205 -233 -188 217 -819 942 839 829 -23 -99 -769 -200 95 -444 -260 -217 -527 -537 -899 -612 502 640 -951 -519 714 625 870 284 545 341 368 140 704 303 797 -340 -2 -13 -345 -587 -654 -363 -726 -95 -156 695 -864 70 377 39 49 71 74 912 375 170 61 -311 433 78 591 
756 -921 -460 -48 799 -466 265 -553 -223 -507 -215 -544 70 96 438 196 -412 -125 -575 433 -798 -326 -584 -21 -67 807 858 -703 -410 -773 -440 475 113 -615 -227 835 -17 -40 64 434 991 -696 -673 -779 -647 992 -865 679 -556 -490 -470 993 840 207 408 521 -305 904 -95 615 -184 -332 -670 -938 -515 767 319 314 -425 -246 -119 -747 830 -855 313 -265 541 379 580 965 -834 112 463 -391 -53 -240 77 339 -539 -702 127 -81 665 346 676 -224 -81 -857 114 812 
550 -667 284 625 -147 607 -627 -281 -29 -521 933 230 387 73 -998 569 936 -978 704 -245 -336 45 -68 353 -650 391 -866 -743 -719 -293 982 51 100 71 -198 430 -155 170 -643 -228 -21 286 -614 329 -566 162 985 -600 -134 -433 -190 711 831 -646 -671 29 514 -78 48 657 -968 99 820 77 -766 -661 -919 235 -58 -470 960 168 140 520 -373 183 -268 338 -474 -825 -858 -826 -751 -920 11 -336 644 778 -229 812 -221 40 -386 -171 -158 628 -816 238 -757 306 
39 -560 -666 -839 -697 -549 -928 272 768 457 24 599 -161 -816 -9 934 3 -377 -138 546 -271 -12 237 349 171 195 -711 -314 381 794 -714 441 -15 747 -866 25 -941 97 881 -476 608 -8 -753 597 427 623 -6 697 -504 936 407 475 -835 74 815 777 167 -707 490 371 -686 30 652 369 -653 539 -6 230 569 834 151 -870 409 46 923 -524 -630 658 -636 560 714 -230 992 598 887 -90 938 -596 944 1 -101 -267 614 -622 283 -326 374 -143 913 832 
-767 -68 -520 459 -59 -573 -716 -613 -339 -230 -693 372 672 -851 -609 -782 14 -295 -924 422 -415 777 -242 -246 -190 -905 -491 -724 641 140 -221 -103 -550 929 -690 -104 396 864 234 769 620 -691 73 494 -166 -686 766 305 -125 658 318 446 -704 4 -943 -212 45 3 -279 262 149 468 -416 -657 788 249 -329 -561 789 -92 949 111 46 878 509 -468 -30 -528 172 -903 797 -446 697 -882 -674 747 -354 89 -720 -527 -681 162 -559 -726 -191 -572 832 506 373 272 
-39 -425 733 45 -108 346 151 -66 37 -409 352 980 -35 447 -340 452 -518 -899 972 -630 867 -250 -289 46 -530 477 -316 -58 398 -2 599 205 -248 153 -30 987 917 -485 -321 166 166 -896 428 496 611 -5 190 633 172 794 634 -434 197 -204 -127 411 372 -571 698 -658 877 -132 -948 924 113 -397 261 633 -206 528 -211 -742 -973 242 -985 445 494 -642 -479 -371 -610 426 946 623 838 66 -699 665 618 -389 -165 3 -978 757 814 463 -236 44 -460 366 
-69 -671 729 -205 -68 805 -911 973 238 518 524 23 -642 -562 -109 -805 816 865 891 503 521 989 -800 815 -736 -760 556 772 378 509 -912 227 -921 -457 363 -871 34 225 506 -706 -379 221 -153 937 -132 13 909 -853 -584 464 -861 -105 -440 -274 -993 -920 -820 5 838 804 347 -148 706 904 -818 913 267 508 -459 -713 562 -326 528 875 322 -991 -719 -361 488 191 -895 -913 525 431 360 795 258 943 -918 84 -716 -298 -554 891 -888 285 -735 799 -607 -676 
404 846 97 -145 98 -186 485 656 -420 861 356 -273 -111 774 73 -80 -623 926 775 388 -839 -218 -866 -204 676 -406 -228 922 -216 -30 134 680 359 95 863 557 -408 -984 112 174 911 134 889 378 88 406 760 -582 -766 710 112 -505 -351 546 84 -892 -259 -401 -427 -834 314 80 288 786 848 -472 -84 94 829 465 -765 -669 -313 -757 231 -302 151 382 688 -388 67 -381 636 272 940 688 502 671 -745 132 522 106 -480 -916 -608 -928 133 -356 -728 681 
535 487 -418 622 558 410 519 -587 -834 390 -142 56 -851 534 -405 302 -761 -399 4 653 -179 -423 893 -10 -879 467 359 -494 862 -216 108 349 878 116 -687 169 -244 -875 519 844 716 -761 -857 -660 960 -642 324 522 -963 524 -961 -122 -67 -228 789 930 -634 -241 924 -326 492 158 110 -629 931 639 957 -286 -295 987 -624 127 178 -672 -586 601 803 -669 -119 700 -453 850 -987 865 720 535 -246 -682 -385 -657 30 823 854 45 -145 763 -842 -119 456 -622 
91 -171 67 -587 -89 -663 542 -993 535 950 73 84 -28 529 -753 896 853 786 916 -998 -501 948 175 384 406 357 560 -67 -722 -552 -580 -151 -59 -70 70 32 780 -965 -447 -650 131 -714 -748 -654 -418 835 -642 441 -419 -733 -829 -531 11 372 278 462 97 -609 -328 -928 900 230 -449 990 293 -198 643 -858 -760 -811 54 509 296 579 -14 -643 881 855 -648 845 -289 -604 -321 -872 166 -670 402 -207 41 -254 -610 -898 711 -29 731 -110 740 590 -103 -800 
-324 415 -363 470 -722 -618 84 598 -33 -218 -321 -108 236 628 624 -853 781 859 709 -919 502 -194 -636 -307 -488 -58 758 846 -359 220 -297 142 -952 -462 -75 535 -52 934 -464 509 -155 -321 -718 -827 427 28 399 -978 751 -919 958 -307 863 -869 -687 -306 847 143 410 -920 -436 -121 -705 896 -101 -155 -296 -343 682 -389 959 618 181 -958 904 -502 717 426 -694 0 -371 371 -347 -153 -963 -630 -100 -736 475 -994 -690 585 -513 820 -16 277 -474 -104 917 -852 
505 790 697 -235 -185 -384 403 169 -206 -655 -382 419 182 209 698 -667 440 -806 167 597 516 -228 -702 -192 -344 -155 -718 734 -456 -365 525 -609 329 -402 607 -122 35 703 -694 -989 369 462 -736 -587 -893 -660 365 848 631 868 -199 -20 547 -776 -610 463 511 -151 437 -116 618 199 -882 -652 50 -213 -201 -748 408 -926 677 448 275 -333 -246 -273 -540 491 807 -24 -110 -161 -958 -708 368 170 570 -116 -691 888 -519 -739 -821 -413 -791 649 370 157 67 -504 
30 798 -548 960 7 -161 -478 601 -128 150 -898 28 459 -965 -238 774 -462 -309 -642 400 -535 -973 174 -95 84 -304 -202 415 556 957 490 -766 -594 -163 -665 -110 302 26 126 683 600 -363 259 -602 751 408 -823 -438 -342 17 690 -45 125 -679 -316 -62 412 -676 -314 -674 -386 -318 683 -374 -104 -666 502 -409 -209 469 576 164 -869 977 -546 428 496 999 696 -881 528 111 -90 -147 150 -926 -61 262 -540 249 -233 -882 704 -628 -544 423 -837 249 -727 -632 
-757 -729 -817 -723 -670 474 -296 799 -930 -497 549 -409 979 938 146 -467 414 -401 -468 190 -420 567 -926 966 203 828 -488 -861 304 -849 -263 826 -374 -152 51 -874 140 -658 -929 767 937 -711 -183 344 323 -844 726 100 437 -977 701 -846 -749 989 -88 -113 175 -903 -365 -548 -730 -737 196 -744 -877 841 -565 247 -134 -25 -243 -644 512 619 349 323 -967 308 -949 -45 211 -62 535 -142 -854 931 -672 169 -429 -228 -744 139 158 233 867 -631 86 689 -639 728 
228 -924 -839 -443 611 623 -889 -704 -187 315 -201 -120 -514 169 291 742 760 -447 273 -508 -8 -109 169 -760 -873 862 63 -300 -244 -960 -36 -55 -631 390 -246 964 -381 949 177 -905 494 888 -365 755 -679 -285 -593 -43 38 551 -675 -144 -50 -160 -451 -182 554 -195 -858 -510 877 750 -204 -255 713 -661 634 -481 352 -21 -119 495 957 -989 616 -386 -990 960 -59 728 339 -426 51 269 579 626 -803 3 -665 462 362 771 -176 52 409 585 -931 221 584 -633 
753 147 -607 -246 425 -20 500 -905 282 913 211 896 216 422 -317 -198 -326 -694 -577 505 -691 362 193 -209 998 -358 52 -999 989 644 -108 -549 63 508 -25 262 -877 692 249 -9 656 -516 -245 394 645 -795 212 -968 49 231 228 197 -571 -904 317 -506 -753 862 307 177 264 -889 494 29 -887 783 -43 -468 -397 602 -130 967 -420 -717 972 -191 -455 181 792 999 457 -111 -468 -313 382 -544 493 -737 -854 258 367 744 607 -186 -906 -405 728 -525 -830 220 
912 6 -701 -636 216 598 118 900 -947 -459 -330 959 -687 -951 -304 655 -79 -358 920 539 -97 141 -159 712 -278 241 572 22 28 -728 726 629 -230 513 263 -919 738 36 65 -910 600 694 -905 911 337 -914 -906 892 757 559 -632 362 639 679 783 -969 192 -455 592 150 -756 415 153 553 -862 -350 -412 -844 -750 -307 -187 -996 155 279 -575 849 -797 -160 -609 -120 -21 -818 -620 308 770 889 -990 222 577 909 794 363 -80 -250 -837 438 424 -671 329 -681 
993 -543 362 186 -179 488 541 779 -395 23 348 -527 -486 200 68 945 583 442 851 117 879 -171 -222 101 -39 -577 260 677 307 967 -90 320 -354 -343 -736 388 -65 -991 -909 -530 -841 -804 -748 -352 820 -237 -608 -208 -305 -509 257 -637 -569 -239 377 507 -753 -710 -52 -42 -172 275 -541 264 -853 436 -505 -703 -960 91 -964 -550 -126 -154 -450 836 -458 -118 872 -13 -670 -326 835 122 283 274 -763 -433 -719 -330 -597 848 355 -627 848 502 -587 178 -177 947 
