-422 175 -352 406 -884 -99 667 698 -12 -78 -138 673 -879 -267 -154 -665 -553 -548 147 -115 882 607 596 476 964 976 -897 -612 532 904 236 669 -143 -564 371 -98 669 -345 466 -203 -347 418 340 54 672 219 -736 -184 30 -262 -722 949 -860 -350 344 -47 894 775 -114 -178 -187 635 171 862 -582 230 -81 384 -390 61 677 319 -830 778 14 432 -459 -27 454 562 669 787 -18 316 606 84 -982 -654 810 -375 -219 568 225 727 818 -997 -569 -914 -867 989 
-565 -594 -407 -288 -523 2 732 -435 169 21 -967 -202 74 780 -452 553 -919 -675 -933 -906 206 -112 444 -533 -802 -764 50 278 -810 -733 253 108 864 -919 -95 985 453 -791 -691 391 -310 -431 672 882 -410 -448 504 940 963 733 171 501 427 770 314 758 861 -934 875 119 -119 -561 -418 997 249 -977 371 97 -855 1 114 501 -135 922 -604 489 -847 94 185 581 -371 -892 377 -488 -511 -71 -625 -783 927 440 -580 -195 -761 512 57 249 638 856 -377 -616 
-341 600 619 -136 -793 -152 -60 592 -725 933 143 133 615 561 662 270 -199 563 -35 245 -142 687 437 928 360 960 -891 447 664 132 -490 -553 -230 -17 -921 -937 210 -661 353 -215 -707 422 635 723 -511 573 -991 -105 -87 288 -911 633 -624 575 576 -888 -884 -395 -901 -89 -435 -798 -400 -483 390 677 -522 226 268 -694 -302 -781 637 705 357 -400 52 56 -493 4 762 -54 -18 989 760 888 -54 854 787 -417 -550 698 -185 -740 820 362 831 -780 -471 361 
-540 303 -263 -130 893 -250 -36 -549 -482 -254 372 -36 -355 -929 -839 842 -287 778 718 -343 -955 8 -717 -569 916 640 739 -514 -451 498 8 637 -47 544 155 139 651 -316 -679 -436 -487 -654 -309 -217 -136 -615 -451 399 653 -683 -694 -639 -182 983 -402 -762 990 591 -204 234 -128 384 -446 -779 693 -226 -926 840 -735 -356 -541 -933 859 186 648 -675 525 -434 -320 -716 -365 232 990 62 210 -493 -414 -664 -989 -735 -936 525 728 -410 -600 -751 879 320 766 -832 
-602 -73 -549 785 -482 144 -451 495 627 455 -142 -662 75 -228 875 -919 -955 -859 904 460 653 -195 183 -800 -866 732 785 -758 327 -672 391 520 473 -981 -823 101 -575 -651 759 116 -550 691 933 280 -707 713 793 -670 -317 -219 -337 -910 -589 -523 8 -158 680 106 -810 167 29 -972 427 -878 628 864 340 -81 -333 -927 -23 -811 -535 -76 -698 662 -223 423 -9 -601 -867 -326 456 -478 -636 -337 -381 363 7 519 -378 -567 409 117 -283 -899 -258 -288 972 -480 
-658 -381 -296 321 762 160 -377 -356 751 661 -786 938 729 -562 -862 181 970 796 153 771 -836 -572 -422 934 851 -605 11 -758 -321 -143 442 959 113 -739 55 96 180 -752 -808 -13 -609 -267 -731 -70 665 831 -170 -38 -884 788 -262 139 -275 761 130 -856 -853 -458 429 -576 535 309 806 732 -804 -795 692 58 327 -468 689 -318 -511 77 -643 -848 715 -354 -732 -742 -686 -130 -123 -94 844 342 573 -970 -598 422 21 919 166 -950 847 -240 303 -500 423 40 
643 44 -288 58 -266 -378 293 50 521 -797 -405 796 236 532 867 88 -57 891 -276 833 -34 -182 928 -217 316 73 -762 674 -950 -550 721 737 753 727 -24 857 396 -648 126 -157 -639 110 467 -768 794 -100 811 -514 712 807 -746 -808 720 -860 369 -119 953 681 907 130 -195 7 -558 -891 -361 -65 287 978 -364 155 -800 136 373 631 341 -186 484 71 -706 19 190 -429 -284 867 793 -182 213 -660 390 412 341 -319 -999 450 -527 917 -298 -230 710 -230 
623 702 130 443 -924 165 145 -233 -53 517 -420 359 -71 592 -843 -517 327 -731 679 936 -687 -72 -124 597 -4 933 -193 -696 -26 337 -820 -773 -917 -542 -435 219 822 -511 134 -998 269 -858 284 -309 320 299 -54 823 -828 100 -83 278 787 -538 -303 481 775 830 -981 998 -8 -388 113 -676 338 -537 592 48 -813 883 -939 -41 99 377 -18 -346 373 -233 -405 559 -162 145 -881 733 909 710 -916 -630 -949 -634 582 -624 -286 -6 -897 725 395 837 -732 -901 
243 -757 78 -409 -386 -216 28 -360 983 867 -913 939 -729 -710 -474 -322 -19 792 332 754 934 -587 584 732 -266 -67 340 -425 -883 -236 -800 683 -890 633 808 -751 -340 353 675 -838 -530 102 -906 -316 294 544 946 -737 -651 515 922 -176 465 -214 168 -283 -990 595 -720 -872 530 860 29 -760 164 -28 -181 237 319 21 -506 -949 -462 425 -190 177 -837 643 66 506 -397 -735 -939 -636 301 423 902 672 -104 -867 -76 -525 49 468 -814 275 933 237 -256 860 
189 292 -957 -229 868 -868 -336 642 -834 -669 799 -474 593 264 -226 -369 -783 -766 164 -449 -609 -637 -592 -979 402 525 513 234 465 93 -233 724 392 -635 -86 226 -830 -217 555 616 887 -1 -808 -44 622 169 -412 -248 628 -860 -777 -375 982 -35 -933 32 589 719 415 -432 640 -631 -97 -936 -665 -326 76 -391 613 -727 -119 810 -298 -367 190 -165 154 444 137 -696 704 301 -14 -937 -57 -382 -747 563 -358 778 326 -838 -189 716 353 -915 -846 -967 -87 111 
566 524 642 569 -621 887 -815 -621 413 -864 578 -963 380 -68 -686 639 -239 -12 -40 927 -391 -395 518 338 -64 469 -724 861 848 -205 936 309 299 -458 503 -581 -714 362 -552 308 375 367 -583 -143 80 763 -102 -540 956 -983 377 555 -846 250 -746 71 -911 131 -399 -753 -909 -792 -767 -591 381 768 -312 -486 -225 -174 -85 271 768 -377 -858 -940 44 -144 -480 -557 -632 -262 -805 615 -323 -241 -665 -526 -180 -401 -112 -292 282 888 -930 317 -635 -758 -676 -835 
358 630 -853 -581 56 -863 592 412 952 -188 164 230 453 982 380 -197 -765 -283 -871 -382 -693 -895 816 -86 949 906 -595 -951 642 -876 659 973 987 488 -400 969 431 773 520 723 860 151 527 148 203 -761 740 184 794 -108 179 23 172 -207 914 -565 -348 -233 902 995 -293 813 911 -655 -97 -786 -183 -456 197 -854 61 -88 -864 -479 -751 669 -925 371 268 -459 291 -620 -699 785 977 14 -571 271 -472 -704 226 765 778 -610 -835 -95 584 -759 -401 168 
-246 770 -560 -612 -812 489 665 450 499 523 924 -670 -385 -772 -152 33 -23 -38 217 -372 263 -734 -656 -17 -666 279 -672 -2 312 617 -574 857 -25 507 -935 -146 -879 57 -904 -214 964 663 -941 -928 -908 -219 -132 174 252 611 520 -196 -398 392 -807 -377 87 88 638 599 -915 662 224 676 -118 -578 -849 -730 -523 -585 -387 93 231 199 -870 -954 908 687 840 952 -262 -886 -992 -289 58 161 -203 55 -83 745 119 988 -255 -1 212 352 724 -693 555 -124 
577 -204 -23 -341 -182 -725 -912 -388 -866 442 493 480 -229 -905 -279 843 -811 -452 411 614 896 -894 380 -651 899 -162 -812 -307 54 570 -684 73 94 -169 -948 789 -441 -494 838 947 57 -514 602 301 -129 689 20 -550 -428 -638 124 -563 -904 -510 973 -981 826 777 -543 452 382 -238 707 -452 178 850 53 923 196 -898 -925 -6 55 723 -424 -681 -962 714 89 956 816 -909 -409 459 -515 650 401 -411 -216 121 -238 -604 550 245 511 -442 351 -685 132 667 
-21 829 192 -871 -537 -960 207 647 472 536 -249 103 824 751 -179 -400 -209 -294 873 -861 764 -691 624 -803 5 937 -487 677 235 868 -949 767 -262 479 -323 857 -343 694 430 356 -675 -588 -346 -867 731 -946 -90 557 -802 770 -892 -194 -378 -921 874 -728 -61 503 64 -997 56 -453 479 -570 -477 438 -831 217 877 733 -859 -890 -50 -698 768 677 243 463 -695 224 -253 -127 -109 -483 398 445 -591 211 559 767 -763 376 -19 -200 -341 553 717 489 -804 297 
739 -827 -498 -3 -599 966 -54 616 527 387 -866 -789 -284 -935 -506 841 228 -287 -268 -831 851 232 200 -574 -590 861 196 638 264 23 -504 385 -917 989 334 690 439 -53 -409 317 399 -742 -346 870 -806 -80 804 -888 -848 561 -764 831 -386 796 288 203 151 536 77 279 308 -143 490 -478 -195 831 -504 60 -623 687 -811 356 -709 -180 -535 456 -74 223 773 -252 -710 -467 -951 463 512 561 526 915 -92 -557 -484 -852 -951 -921 877 171 -639 -535 113 -764 
-99 192 -236 -379 -829 -359 254 -935 -250 246 -62 172 955 455 -974 -168 145 -336 505 -416 -863 652 -127 251 -801 -607 -561 629 -673 580 540 -591 85 503 -715 -919 -713 -984 494 -783 324 -283 -853 633 201 -643 -280 -430 457 -911 -358 -916 -226 116 269 -186 654 -98 -328 -378 816 360 359 -397 368 -805 -616 567 -65 -901 776 625 431 -541 -81 778 -275 -663 -326 982 209 196 -24 711 -5 466 -856 -915 -714 -128 -319 129 -902 -555 178 674 685 310 444 296 
459 -696 397 -504 758 169 -249 975 976 -783 809 -53 -105 648 460 839 -672 -704 -111 286 96 333 842 -541 -881 -406 -777 975 -498 22 114 698 387 168 -123 -386 195 119 -22 -719 56 70 244 50 -12 -762 382 -802 541 444 649 -869 562 -994 -854 670 -931 664 -629 249 986 -779 145 215 -129 -221 135 -524 69 405 -415 -777 -377 -497 876 657 776 406 573 -781 363 431 -289 692 -91 99 -94 393 -554 -345 224 192 -799 -399 178 991 -216 -976 12 -207 
612 -357 -540 -319 939 -786 -679 -702 892 696 866 -953 -544 417 324 431 50 275 953 100 -872 -41 -978 -939 699 634 484 -288 228 160 -189 -947 72 -719 -478 -161 190 233 -94 653 734 460 924 288 157 898 -560 334 703 688 424 -361 -611 -688 -563 903 576 18 912 172 -107 84 708 -664 -951 -10 -36 -654 -793 -375 -969 -376 -304 722 -972 536 -125 930 -46 -400 342 360 -226 651 996 946 964 990 112 768 902 378 889 586 -887 299 -929 -549 -823 769 
638 -50 874 -347 985 585 -879 927 208 496 -902 -746 126 -436 -692 -448 61 924 -885 -757 -349 -165 405 -133 -598 762 328 -363 394 -784 -94 -668 794 -376 752 -372 -344 802 332 60 -634 701 330 -89 -522 508 -22 -940 464 271 723 333 -303 260 -714 454 854 -114 321 -545 -325 -219 566 540 85 119 252 -629 503 -411 756 -409 892 -7 -561 -429 432 -424 -345 -183 -163 -789 -172 340 547 -453 512 43 -73 20 -427 264 -696 -375 -690 -472 646 -830 -996 -716 
301 -510 -326 440 986 -268 388 938 835 319 -140 174 124 88 637 640 -569 647 -468 -573 -908 622 -84 704 362 -242 -671 -439 -147 898 112 78 98 600 774 -880 -753 270 654 397 511 930 -704 332 701 397 367 -246 158 -86 737 -972 -43 362 -803 927 -950 746 -872 549 627 271 -831 74 -770 545 -785 526 85 6 16 -893 -828 -127 436 354 960 -796 -511 833 345 -566 816 -207 690 -655 -400 150 -234 438 35 -130 -642 -519 871 -225 121 291 -154 186 
883 -82 24 -59 914 364 503 48 -139 739 -700 814 -10 -888 305 383 -493 -454 -617 572 232 -238 -727 531 663 512 561 5 107 127 2 -27 -279 -532 726 -239 -647 755 506 -978 -756 539 159 -792 -281 -604 -901 -768 -352 351 -808 -55 -42 325 459 605 502 -5 560 -636 708 701 -428 934 223 329 683 -863 -879 -162 668 -507 -370 724 827 -777 -149 -810 -18 379 825 -578 -605 806 -502 -383 584 -733 124 -301 -397 -19 -556 -819 379 -443 109 -148 -369 -123 
-366 236 -682 380 553 -778 136 -917 -943 526 228 -392 -434 816 881 578 -397 260 833 -603 743 824 -189 511 -677 -594 -384 -630 -348 943 -79 923 -484 166 768 -141 -609 -864 -91 -363 75 459 802 336 -897 -899 89 -363 -544 -201 -971 940 -503 -846 -681 -822 -462 -543 627 -466 906 -688 -758 -923 664 -348 761 -133 -466 875 994 -132 -368 574 -277 498 677 -211 476 -200 -109 -758 -227 670 -912 -543 -224 -425 647 399 -333 -936 -296 800 889 35 412 -410 -310 -197 
-56 312 -343 808 -832 231 644 -882 902 439 -454 146 379 -91 -903 -162 -178 4 574 469 -917 -227 -872 -695 -617 -881 319 -301 -694 -580 194 483 -837 884 151 650 331 -58 416 -163 107 -547 610 227 -64 -625 -712 -791 737 -475 -128 -628 399 718 -596 -816 -323 621 -932 999 80 -283 -950 -340 897 962 -1 849 745 747 -987 46 -747 453 -995 92 -126 -22 50 -783 427 530 -274 -443 690 385 -636 -803 764 -582 23 158 -824 282 -711 605 -839 -263 -377 -571 
-262 869 771 -311 -958 512 626 732 -831 748 240 989 843 228 937 95 -757 165 -781 -344 762 -883 808 -303 -688 963 -240 486 883 -624 55 -905 -250 -259 932 -961 100 -442 850 123 -98 798 306 -635 305 699 -999 -470 28 -109 135 -702 977 -609 -815 -41 -70 976 695 880 303 304 -504 430 221 -508 -491 359 634 286 -339 -199 -25 24 232 -790 685 -866 -258 831 -332 -421 832 -958 7 312 -145 -592 -603 -39 -283 -742 893 -335 -70 314 344 543 -184 65 
-837 -774 -878 -377 -571 481 592 -69 -801 158 198 -651 698 -963 -689 296 -586 -336 -75 -588 153 -283 451 60 485 171 860 204 -819 -431 533 917 441 -664 -159 356 737 563 -811 72 -625 -380 -620 500 -944 313 364 45 101 431 536 612 846 902 496 -74 -561 -938 919 850 765 -191 -500 -548 547 -311 811 -319 985 -452 789 -886 -779 -762 230 -732 -675 -106 670 848 -372 4 -21 295 292 106 189 473 683 153 330 -705 -919 -810 540 -259 -935 205 352 684 
230 365 192 -952 -911 540 724 542 -895 861 -698 145 275 640 340 -387 -869 -550 505 -620 -463 589 -306 960 -17 225 45 873 619 836 -49 -305 961 -274 256 -134 -893 768 552 -839 476 -690 -669 -527 -334 -701 -333 31 -101 894 -507 -200 -335 274 810 -233 233 962 -112 390 -767 917 281 -798 -679 -50 50 825 -468 -567 -897 206 -50 -311 -298 55 -151 589 -839 -52 20 -603 -80 -333 -668 8 935 -693 982 529 349 -289 899 -31 -443 -709 925 391 505 -380 
-630 958 -428 883 -480 -74 -762 163 -992 -314 758 181 694 -576 -140 -625 304 -65 -627 852 109 -747 -365 721 9 664 108 516 -817 543 250 819 407 608 764 -117 120 284 140 -298 375 22 193 -120 -703 632 782 380 -273 -754 163 355 -312 856 971 -306 475 -350 846 53 462 -465 880 -457 -391 751 322 171 375 -211 -272 854 439 -420 -805 679 -210 531 -296 -455 47 830 370 719 550 32 388 301 -582 727 722 172 578 -585 777 -826 -766 -478 20 341 
534 -329 153 926 -650 -151 675 977 -253 73 -86 -546 842 176 833 512 799 -410 903 206 244 -601 -431 123 -53 -369 -715 211 -984 -357 -782 -864 -573 -93 879 867 -851 -323 202 679 -415 -340 -621 203 470 -303 185 -753 427 274 875 -942 -109 145 258 -750 -983 -98 -67 699 765 -184 469 820 -304 184 -980 927 189 712 -792 -968 -295 -749 -668 568 -483 -972 1 -125 -942 883 161 -800 -27 -594 133 -929 220 -642 809 -672 -72 -902 -507 402 -965 -376 621 209 
-148 705 -820 -860 -62 197 13 798 990 -48 770 964 316 -957 -551 456 -644 470 60 532 -132 -899 992 -39 -440 921 977 -384 -474 -551 -35 313 588 218 -666 284 211 -597 221 229 601 -812 996 907 -975 448 -614 -590 190 369 -779 320 -359 -476 -789 526 87 421 -918 289 575 116 842 408 235 297 640 -386 222 349 396 -477 286 -103 342 -417 401 -269 893 -689 -667 -209 872 908 -13 51 481 -760 52 86 -345 -398 -464 505 996 381 -629 447 -865 213 
-790 -886 619 810 -83 367 -496 -240 709 132 -919 143 -880 -633 438 -890 -518 33 -917 254 847 -69 -71 -923 232 528 -564 832 131 572 -138 -810 -257 -180 -638 -39 -746 718 195 63 203 419 -793 392 262 -166 447 849 -121 968 777 976 -936 293 80 385 -505 25 -134 -374 -21 319 346 3 -468 -935 416 65 793 -730 -697 -918 204 839 -914 356 289 824 -302 -758 -960 -26 690 -73 -217 -148 -885 -385 -131 299 661 -14 -85 474 -818 -669 35 826 -386 41 
966 -370 -469 -684 721 58 135 290 768 -359 791 571 -433 780 38 298 -771 48 146 886 138 -97 -75 968 667 379 -288 166 -733 -393 -205 -551 -211 375 -192 -310 345 386 649 466 523 557 112 -501 -102 -694 998 537 -568 -639 806 678 -346 765 756 773 -381 299 -224 61 740 -544 272 -671 198 -775 918 806 -77 664 -587 485 -478 723 723 570 -597 -697 -846 781 857 -538 -177 -81 -183 901 256 320 867 402 -65 991 95 -835 -419 -838 -534 -708 -252 -457 
801 251 -45 -806 421 -915 -576 745 -239 117 241 901 -927 528 -556 -182 -381 -161 -167 553 -909 384 637 -732 -38 -891 353 -69 631 568 -14 309 -463 -739 -350 50 -252 681 760 -273 699 -166 -380 849 -178 463 838 830 228 -782 -200 -543 811 -876 793 -411 -106 865 -260 -876 -241 372 545 545 789 -212 139 -285 776 104 962 292 -117 -817 -590 -14 706 -685 933 740 117 -560 332 -945 459 280 -220 -983 563 801 143 726 208 409 -975 -726 780 722 -891 471 
-633 713 -561 489 -816 -916 -348 -706 -557 -244 416 650 932 263 991 -469 948 -798 845 696 26 -299 -622 -928 -380 -584 569 985 -178 325 873 566 -486 -810 199 53 -150 129 -534 104 -405 -951 991 130 -973 -248 -106 -147 236 91 165 -981 -191 885 148 842 913 710 -974 -292 -981 -123 759 6 330 -819 745 32 465 -691 195 101 536 564 499 -844 -272 579 163 294 -972 -5 380 593 402 584 -226 181 -887 638 -245 277 651 724 -858 849 -939 879 -18 -854 
61 562 -816 -481 -220 -117 -116 -314 157 -513 -58 973 -571 -887 777 -702 787 775 -184 320 371 911 741 -293 926 785 294 -441 709 876 885 -796 62 -106 496 -867 878 -649 -975 -30 600 77 943 75 -346 -529 -116 326 526 674 841 515 223 24 688 55 -812 -157 -160 -138 -368 -52 815 109 452 994 716 655 270 -968 11 367 -85 -210 -796 -394 -706 595 -217 -802 810 -975 17 -65 565 210 -325 -8 -690 -405 -756 -432 -800 231 668 -298 111 237 467 606 
-436 805 -391 -802 -811 -904 -624 -168 -769 342 935 689 879 492 -487 -701 -996 349 -90 -34 578 -79 537 -828 -348 436 -629 -738 -664 -599 -210 -719 832 656 -380 -594 -346 -37 465 -159 208 -48 151 -192 188 -894 -351 -673 -505 489 971 970 -87 876 120 -53 932 533 924 -707 637 -604 388 -280 122 911 171 -937 -955 -615 488 79 56 -976 -164 202 -357 373 744 -397 819 70 319 -589 580 614 -872 -700 -713 -128 -104 -549 -640 608 102 -340 -94 971 711 -310 
-12 616 620 -452 769 -936 -207 -89 -125 539 -761 -936 249 -469 685 -151 81 725 210 -273 -345 -811 -761 -359 -577 -901 844 484 560 396 680 -811 -134 -70 173 -376 -966 606 -68 735 516 749 357 -211 353 -783 50 -12 402 -374 502 -668 -77 -946 -624 70 -484 -394 981 -432 -660 369 325 -878 -801 -555 -219 169 211 -861 493 -533 -706 322 -693 -173 -693 -112 209 -579 837 -451 155 -764 683 186 -684 -230 -883 -560 370 -599 903 -68 199 593 -492 -118 585 -607 
588 679 301 738 601 252 -311 432 912 712 -184 587 100 -722 585 -338 -657 112 106 -330 44 67 538 318 -121 -821 -611 -527 87 912 -20 135 -442 474 924 -788 334 601 -970 -882 -442 569 -217 639 382 605 386 -902 -272 809 467 -759 864 773 -370 -465 181 343 800 -982 457 -87 380 52 -745 -749 353 210 571 -62 -726 821 -138 -870 216 -113 98 -991 -45 -751 -148 269 -793 -301 88 127 165 -875 546 -160 -865 156 242 -797 921 -585 -320 -445 -371 -917 
233 855 135 395 657 253 680 -435 -886 -237 -129 -646 -404 460 -963 261 166 233 -584 550 -859 565 -629 464 -389 615 860 288 -871 -997 -169 -905 985 40 362 -174 -610 256 873 -719 -283 -517 -692 -995 512 -83 214 582 249 -341 -554 557 -35 -688 -660 69 -558 -451 261 767 -485 65 56 871 -591 917 30 834 100 812 771 -735 -109 -823 682 219 569 -494 17 -674 -351 572 -415 647 -236 -905 -751 -309 -127 -387 763 149 108 589 -240 978 27 949 -48 641 
293 200 766 135 340 741 346 -181 -83 -263 870 918 -522 365 -810 -226 97 603 755 795 -842 310 375 569 -826 849 -362 408 -899 514 -61 -191 824 990 -935 -965 -896 990 612 557 -626 851 -769 461 272 447 999 -87 -261 484 305 -716 99 682 -432 500 207 731 26 49 65 -678 141 -70 501 -396 596 -117 815 -123 903 -822 667 344 778 -605 504 -552 508 -672 724 826 811 86 -881 -713 -305 197 289 -836 -458 -946 -450 526 974 -94 -373 571 -712 529 
-526 -717 -21 -119 171 959 7 24 668 -696 116 428 -365 773 -477 802 -839 -858 116 -996 523 -947 975 -546 -261 -515 511 579 -300 995 109 -996 47 805 250 842 -696 946 903 -67 -627 -767 904 828 -272 668 -297 -354 -829 -777 942 497 292 483 400 -174 994 -415 848 452 -281 300 818 645 183 798 -215 765 809 959 10 -695 -813 -199 -16 -216 899 408 511 421 204 -191 -619 525 718 -663 6 273 762 -176 -648 430 797 974 -408 -125 859 -491 91 931 
334 231 -193 765 -993 674 75 -871 812 -87 -380 -964 -620 -826 -893 343 -888 125 -364 459 -501 979 -224 992 -396 -80 502 -594 -567 -239 -202 -277 455 498 558 343 71 -734 361 910 -684 327 -530 101 987 36 333 -129 634 -391 448 664 -419 426 63 970 413 -413 133 214 -357 859 522 -866 507 -217 -311 -775 -795 257 -836 607 -239 746 116 -785 241 68 -74 -363 876 -917 210 -815 784 -283 22 948 272 -481 -580 -28 999 -157 128 -845 -315 -168 406 323 
480 -647 -111 53 20 -255 -281 -606 86 -58 -533 -862 -282 -852 803 -723 604 115 653 191 294 -132 -596 -825 943 -591 264 442 602 915 669 -628 -745 -959 914 223 -819 733 -826 503 -462 721 -785 -482 592 891 -773 516 -967 -146 491 154 37 34 765 -600 -638 628 -215 163 -421 -895 815 -181 -100 -952 447 661 -875 -338 -278 -443 -522 -641 -96 -897 -14 810 161 -73 216 452 89 -435 46 -920 -362 -971 495 -146 -212 527 240 250 -109 531 182 391 -16 848 
-478 -812 106 -931 96 -250 102 415 -907 -449 -786 893 -145 318 -898 569 -630 -648 -825 -704 208 -547 -104 -915 -839 -802 -718 -975 901 486 -324 606 -506 -473 -513 -587 793 639 -430 917 215 99 905 582 871 -996 922 437 304 88 -238 -983 -60 178 -26 -579 -569 -611 -364 975 113 -699 515 458 576 871 -95 -873 98 -286 308 722 841 710 267 -773 -967 109 919 -247 975 241 -363 118 -197 -819 93 -680 440 766 968 685 338 -989 -314 -583 383 -317 -985 115 
-335 -233 763 -443 -156 -160 68 -606 835 -189 -77 350 -591 -934 248 89 693 693 -186 -683 926 -270 -113 9 64 665 -971 -371 437 36 265 895 -808 13 616 -722 -842 641 -277 -26 -641 -452 -898 643 -683 325 -132 -6 -454 324 -575 620 -801 -375 768 -851 -173 720 -177 445 -687 866 -544 653 517 774 -22 53 1 80 984 404 852 -399 121 792 -773 296 -216 703 50 496 605 -770 333 419 92 -304 -933 -50 -355 265 955 -435 -300 -155 530 -24 -382 -909 
-140 -410 501 438 -783 418 -837 670 -998 -44 93 442 -10 170 -245 -798 982 31 395 851 -512 -613 838 -326 315 -364 -83 -323 -442 -868 -696 407 686 -957 111 -557 -880 607 -978 -533 588 153 363 -494 -516 -734 2 -256 -988 703 84 -700 194 113 395 967 -959 -639 -791 79 561 -230 835 585 -167 479 -943 716 -824 -505 679 186 -928 -273 265 -520 -139 624 -269 640 350 641 -905 -66 106 -930 -997 904 -619 -110 -741 -166 -261 -591 -989 -534 332 -542 -376 191 
801 -165 776 -608 750 -154 120 -517 578 -813 861 -197 612 -882 781 -338 558 220 135 -706 175 -56 929 167 -396 -821 697 377 735 531 -921 718 -189 820 9 527 143 -787 -113 -125 209 -91 649 -848 -898 30 678 -442 0 -839 -585 -272 -49 -245 -740 -243 876 606 117 670 -774 267 -932 321 -322 15 154 -482 -919 421 367 400 716 -308 -649 328 -236 905 761 -11 166 237 578 -330 365 90 787 756 -525 51 -458 -646 621 507 -433 471 58 279 730 902 
-363 430 71 491 -111 -943 -930 -751 70 -810 -897 -117 -166 -142 865 -935 602 -433 358 -244 481 386 -603 -84 -464 424 -63 312 -913 -261 -231 181 867 -288 376 -397 -446 323 -266 -643 932 654 -577 -415 163 70 667 -184 -996 -816 -129 350 -658 427 906 -604 -525 277 402 4 389 -62 520 397 -124 819 -654 -879 654 148 -192 148 -970 -78 634 838 136 -237 -279 -325 220 -810 867 -951 418 -867 -292 -686 382 321 -543 428 821 -651 479 782 -530 -754 -532 -5 
-276 242 132 -907 572 -736 -608 -118 -333 -177 258 -293 -637 577 -267 -611 -114 633 907 -265 785 -477 -633 -809 -299 44 245 110 -341 459 135 843 -306 -329 721 0 -489 -840 -808 934 979 699 407 862 -697 -135 75 395 680 535 -352 522 917 748 -189 405 -258 327 595 63 961 952 -558 889 -597 625 -120 -91 -259 -180 -557 -775 -672 -226 -856 -457 -382 -667 -667 154 -607 -345 -621 -788 464 844 550 582 -159 750 192 -679 -478 294 918 844 971 480 -135 -275 
-537 -166 -848 -501 626 -934 -436 -69 -813 358 988 -806 506 -783 939 -332 524 387 -616 -333 -996 -544 109 850 741 644 314 155 846 -74 -805 750 566 427 -41 -340 33 -299 675 -644 -711 -987 -824 420 385 101 377 170 439 920 -352 -996 -335 -162 801 452 -958 108 -417 -399 516 442 -818 -997 128 -569 -62 -675 -435 -504 -937 -575 510 983 -392 255 512 -550 -564 990 -933 301 526 -41 126 112 -739 -913 824 -956 509 203 -394 -69 107 385 -641 742 399 -442 
222 -797 -43 442 -87 359 197 -693 62 -895 -595 -119 -482 -728 -100 742 -899 -202 -151 -583 -39 397 899 -53 818 -374 -350 -726 650 -88 -602 365 -788 -330 816 -952 506 -12 -90 -351 642 730 340 -950 -262 -518 559 -384 -323 416 -292 812 -708 23 537 -519 -991 -337 2 -147 696 -372 -792 156 -680 -735 6 210 425 69 772 656 -834 -347 -760 -319 150 843 -774 381 -442 -690 -66 -185 737 994 848 -869 -453 -623 -388 451 -5 -781 -179 842 592 619 663 960 
-818 403 767 -168 -535 -527 -623 607 250 699 186 958 72 -833 145 963 -552 902 -272 -789 -567 -102 -840 555 -302 -547 124 535 806 933 -412 963 -999 494 438 -31 -621 -872 912 -253 -659 449 -150 -246 931 -36 906 814 -574 586 -952 -184 -183 -392 -540 -915 701 -454 -226 -628 -496 191 901 530 370 -466 -903 740 -636 200 -339 477 -855 390 736 98 -761 -171 644 291 -787 415 369 843 -51 -500 51 977 756 98 554 112 -776 -655 145 -603 -430 467 545 -784 
-948 986 703 -10 -747 -398 -844 604 772 698 517 335 -238 693 507 -614 851 -714 -861 728 479 604 -639 -980 220 707 336 -203 783 -884 -490 -218 -517 806 407 173 -175 757 -257 -22 -158 226 -3 404 -367 -44 197 -161 613 398 165 321 -946 306 -366 958 -730 -468 868 -967 -886 466 447 12 -158 -932 549 -630 62 679 -631 820 -647 567 973 -647 -893 244 727 -998 2 972 -48 -955 -911 426 118 -600 -363 -634 -533 649 -812 454 917 -51 383 395 -337 886 
210 -289 25 240 -703 991 701 854 814 -588 74 -926 394 -617 21 466 -832 -67 -76 -350 -440 -793 381 174 539 685 96 702 -21 -604 -208 144 -762 431 464 928 -445 -173 948 732 284 86 -402 -41 -748 880 827 -774 780 987 -267 866 801 -744 -229 -26 -887 -438 47 385 222 -912 -842 704 634 613 -275 20 -427 91 -13 -582 595 352 426 -439 586 807 -949 -939 11 -461 857 -766 -113 -968 764 284 -788 -452 170 669 73 956 946 -66 -977 394 -95 162 
505 654 -999 -600 -939 -973 -265 281 -117 956 -708 49 -154 766 959 -335 -878 113 -943 -739 486 322 74 -446 362 315 491 -165 939 -314 -964 -652 517 -482 -473 127 -279 -786 380 -682 -497 -745 967 -272 302 509 672 -272 410 833 -118 779 182 -579 439 473 27 252 -502 518 -832 -768 -315 -359 227 -311 -284 -690 343 587 -54 -752 550 175 460 753 -798 -682 -389 -930 -457 -503 294 285 -308 -211 -400 -175 307 278 334 359 420 -118 372 -102 -359 392 409 -875 
462 -672 441 -961 -759 181 994 213 -247 289 289 -157 378 441 -242 -725 -520 -214 -170 -190 -919 -790 -792 -937 -423 -390 -477 862 705 -709 478 669 -592 -202 -888 -476 486 -510 466 635 -419 64 722 775 -599 161 305 -490 634 -413 928 212 951 -408 -137 29 -618 -647 487 -747 874 -703 122 -284 364 269 95 903 14 939 291 -949 77 -951 -179 -981 669 33 -744 917 874 -590 -265 0 84 -200 -324 746 -526 -705 -333 -361 -116 436 774 69 -654 197 0 630 
113 -37 510 574 -128 -962 -518 -578 654 -792 659 -24 -928 -427 802 -275 176 -126 -97 852 215 779 -340 189 807 -190 -343 981 -414 230 24 -293 -16 769 18 26 -552 861 386 209 -243 31 809 -912 -68 53 546 596 995 397 -713 -955 804 863 221 -458 -510 -156 508 -858 237 -321 -206 349 417 -228 536 -614 -732 919 861 -102 -608 -890 -694 164 518 -606 -369 124 445 -334 -771 -755 825 377 -836 299 -792 2 30 -193 -295 -383 -644 509 14 -347 223 -469 
348 -661 274 668 -695 -91 447 684 -578 -5 -392 629 694 -951 -280 -582 -138 -438 -479 186 798 -812 544 -255 159 -860 558 -375 -795 -196 -672 591 -56 -173 82 620 -289 292 416 457 332 -126 350 543 -954 -734 -47 -34 -349 -14 621 -379 -419 138 -223 298 223 368 633 228 -816 481 555 -147 -328 -451 812 572 777 -782 364 -934 617 389 -712 -837 -163 -435 359 832 -584 257 184 -572 277 -613 186 668 506 -19 -476 211 310 83 727 933 860 -102 1 115 
-543 833 -116 -977 -29 741 39 -504 -365 185 363 921 221 206 713 101 366 -512 195 199 -682 714 -871 -72 -321 956 501 -520 -667 586 65 -135 502 559 408 -208 -732 546 986 -329 -983 56 341 608 507 -245 945 786 -583 985 -333 289 637 801 -203 -750 834 834 -996 -611 -503 -163 -173 -682 -312 -227 -705 334 802 -932 210 -674 -355 552 -412 261 -840 766 -113 -93 148 494 -517 -52 773 144 938 961 833 -2 341 -36 201 -126 -832 931 -593 554 401 112 
-73 234 -625 863 -736 -510 313 376 -563 992 -420 510 -680 575 -726 704 -344 848 288 -58 -517 960 -496 110 190 -749 551 -488 -461 168 783 919 -846 421 368 194 363 -299 747 -94 -133 -808 -400 -395 -18 -845 -847 -581 -291 0 -537 -472 -880 487 444 -758 -10 654 265 -205 732 469 473 -430 90 -90 -874 -171 -731 435 -757 90 776 -584 650 -57 -716 -773 -809 -273 -396 770 590 591 936 645 -335 -472 -965 36 -275 782 34 970 870 713 -559 -413 464 66 
989 226 -104 409 -418 718 -102 133 -340 503 301 771 -948 -796 -851 132 396 -648 -24 73 -381 445 604 -968 -251 -465 -569 916 -18 68 -681 -936 -179 299 11 -371 332 116 -190 422 -251 -545 275 200 991 -697 741 -971 978 889 -759 -572 -832 472 -163 610 -875 508 43 -540 -727 -749 698 240 -820 142 -173 -656 -583 936 607 -46 -201 -133 0 317 508 907 806 421 -541 328 331 305 -551 999 121 323 -510 -191 -557 888 -582 -762 226 -703 -911 -573 -207 50 
207 -445 -316 921 -591 -782 -347 930 -245 80 -545 -615 296 -131 -257 880 502 552 624 -725 -779 717 462 416 -255 -34 326 387 526 66 437 194 -635 -876 -146 228 -547 286 177 -976 -692 566 -967 -709 655 -785 -588 -742 -186 484 -927 -878 524 -335 -939 -235 -946 -837 -745 -425 602 -646 -218 -640 499 -539 824 490 634 -171 -371 -59 511 -924 235 -918 441 600 -581 6 -13 131 -571 -727 -903 -211 -920 -82 -623 -291 109 -757 85 -972 509 308 -911 444 -800 659 
-256 424 584 -84 -211 131 438 -257 263 -306 188 229 388 13 -213 47 -446 897 254 275 -285 148 -617 -191 -313 592 217 -402 927 -14 158 728 -481 790 451 362 -916 251 657 -743 -384 -126 -946 334 -223 -391 532 -996 -223 829 696 805 -534 375 174 489 984 -586 -85 31 765 -937 -77 608 824 -551 29 153 -579 180 349 -920 675 -997 33 -143 -414 -232 -465 -583 -83 264 781 547 359 408 857 -558 -303 -874 -614 -625 771 -125 -33 203 545 -129 567 544 
-703 758 842 292 -246 -245 887 -794 -864 914 -323 429 -19 -220 246 861 -333 397 -887 788 -400 127 -361 612 -143 253 -87 770 667 -630 177 -513 38 -544 -209 190 -788 632 -547 646 57 -929 637 -528 939 831 -126 -269 -308 -50 -907 111 94 -677 -30 -408 -145 -138 90 -236 798 480 930 -513 -442 -68 565 -595 -335 460 -826 -392 -530 759 -656 -597 -234 -495 986 886 -300 477 382 -572 628 880 146 -214 862 983 377 -839 -125 81 243 -49 -489 -352 -605 -199 
352 349 -265 796 -745 -30 94 269 -690 164 -850 -803 961 -831 -12 898 -856 -697 208 931 724 381 -521 490 984 199 11 791 -293 333 -102 -989 579 835 -653 811 781 863 222 -722 211 -225 -163 969 581 265 -26 489 -500 192 -837 -775 -933 -525 308 926 -889 -240 -853 296 105 986 177 -590 425 720 656 -812 -530 -641 521 63 -547 -159 455 -863 -377 -114 92 826 -578 202 4 -553 793 128 -577 -11 -930 -482 755 -527 -864 -575 -143 -338 -765 -149 222 663 
-956 746 462 886 524 507 918 133 791 -856 944 468 -488 734 -638 -118 -56 523 24 896 663 743 41 738 -566 672 393 184 -329 -93 487 -179 750 704 -162 -666 360 -819 543 181 -916 -697 -609 343 80 77 926 -636 -826 -587 449 -931 -239 84 -760 -68 398 224 802 -9 550 241 -672 772 195 -175 353 -580 969 -113 245 442 928 -150 -156 868 480 -795 719 -916 -667 30 -305 -65 939 -324 334 413 -236 713 36 -645 56 533 716 -809 -795 324 -738 -774 
-864 401 638 475 -278 875 788 809 7 222 -634 250 -748 -842 -59 795 607 121 -716 120 972 -149 550 -340 990 -834 240 739 795 626 445 23 323 -630 618 -296 346 -88 -398 769 333 -910 659 -473 115 -139 -768 331 564 49 865 -598 -906 406 -735 547 438 830 631 -30 733 763 639 -373 -452 811 570 -766 -207 426 460 -303 514 -865 189 -726 -214 930 -165 -378 -574 -779 -138 493 522 529 -212 -225 185 875 671 -789 -454 871 396 247 -847 36 854 816 
-435 -679 787 -597 6 -401 725 -685 336 -785 52 124 -479 -603 -646 720 -263 229 440 449 504 -842 392 919 -884 318 -501 -38 -964 -83 -891 -942 -129 -436 -714 -866 73 -336 -646 -309 23 -118 515 174 -167 -407 950 -917 -983 -621 -52 -408 426 -65 859 -52 683 815 -779 293 -485 470 -161 -255 327 -379 469 -965 -909 186 -699 417 719 -652 545 -965 -286 72 -846 695 -765 976 17 -28 470 -18 448 -268 581 -836 513 -194 -384 -258 -74 956 822 442 -558 160 
-348 -161 397 -27 566 -196 678 -341 -59 428 -291 619 -72 767 199 -243 558 435 198 -65 -309 571 -920 999 402 -58 -993 187 298 -476 210 -297 268 430 -69 -353 -755 -700 265 -673 352 -197 639 424 294 886 229 -836 -103 965 -522 -213 -163 125 -878 -560 -464 207 -611 -586 -595 43 0 -968 -420 974 111 648 716 -654 835 -522 -164 94 -847 -236 407 455 148 -216 -985 -27 -209 794 -693 -271 406 -41 -916 534 334 718 653 55 -22 569 -174 -96 -720 -633 
315 151 43 904 266 221 -685 -727 -247 536 811 945 216 -701 -62 -956 -898 -327 -171 -186 -763 806 474 850 668 775 -536 900 -840 -268 -514 77 -709 -285 754 -714 -480 743 -196 -633 -346 410 -629 936 955 103 502 -745 596 -597 334 -68 987 302 -614 915 -983 517 187 81 628 890 -85 225 690 -490 344 527 -464 958 -555 -308 -539 324 147 260 419 -479 -828 253 975 -584 882 -246 134 -587 910 736 -277 111 907 -714 -928 -15 -292 -61 434 -160 316 -525 
440 856 -586 -950 997 968 -420 757 461 -624 -204 -898 -75 720 -336 -873 310 -476 341 -775 -188 -714 -321 -923 -14 -469 -196 611 -303 304 -266 -262 50 638 214 176 -104 604 -946 756 122 5 197 -896 328 -437 33 867 859 -989 -264 -82 787 -471 -624 702 -772 -578 -511 -454 -223 -577 488 661 -812 608 -555 519 -347 -366 -88 -800 618 137 -384 -899 -754 809 940 670 142 -294 494 -448 256 314 589 -393 981 -629 -845 831 -399 -859 663 -861 408 -490 -884 838 
804 224 -542 585 493 249 164 260 721 873 -358 801 877 -336 392 -826 -101 -897 863 474 -659 274 -405 202 -208 -654 942 333 -835 -345 -733 909 637 -930 925 -201 -340 -488 -830 -986 648 -467 395 -277 -679 511 150 888 356 497 -506 -210 -725 162 969 428 384 934 -494 778 -981 -508 -751 -611 -536 302 -55 -157 189 493 201 490 -61 -45 -802 -491 667 493 -849 -713 -389 904 769 -868 313 165 428 868 304 -112 -618 578 34 854 -425 -76 877 550 -939 268 
402 263 -614 -56 210 -765 -548 598 313 299 -261 -454 736 420 816 -421 198 569 -883 594 472 -687 -416 365 426 163 -836 468 -435 -464 82 611 113 55 -588 -464 -243 455 -820 38 917 289 -373 953 -237 -467 -668 947 570 783 -989 -353 8 370 992 380 555 803 -63 -867 -114 -182 64 615 140 13 -583 -781 460 422 503 445 -171 599 287 213 509 554 -971 -140 -794 -897 -753 850 344 -392 -553 206 797 856 214 206 121 -900 -90 -440 113 313 -522 -216 
-465 -361 -772 -628 427 140 270 917 -68 -235 -590 -289 -904 376 696 -493 816 726 341 811 -536 104 866 679 -705 -744 308 -618 330 -734 -35 391 694 963 -492 -494 126 -599 289 -535 -958 -420 -884 683 497 180 215 507 -391 499 769 -828 -211 -108 349 376 -74 -875 -677 418 -202 -910 6 -591 337 410 -162 -649 470 -898 -257 -591 -371 136 -997 -408 297 185 436 232 -271 -202 -932 864 362 -44 416 818 808 -78 579 11 -867 -937 -672 765 -400 612 -509 740 
499 -13 -399 -938 -929 -584 -690 -289 -351 928 -250 -411 -623 568 869 -17 752 -80 707 -500 -109 944 -789 -255 -641 -534 484 -828 -532 -464 699 -545 340 -936 -569 -65 622 -946 -843 375 623 993 21 791 826 145 917 -302 -648 -640 -498 870 -23 63 -476 949 -852 571 778 -364 3 -32 -211 -645 -69 -131 376 -891 -68 304 -279 576 173 780 10 944 -14 -319 844 832 -600 11 -537 -831 -151 -185 -107 46 852 41 169 327 127 434 -262 -291 -632 -119 -307 175 
-216 -489 738 187 257 392 893 119 -397 -385 113 -879 -126 -822 -455 812 690 -609 599 548 903 -314 -639 -124 -530 -769 -991 159 -391 -331 821 997 -86 -109 207 -89 -907 815 718 332 -277 -411 148 -875 -971 -642 178 -209 -642 -480 -206 488 -515 -608 795 68 522 631 291 480 703 889 -575 119 537 252 201 52 384 -905 -44 -48 204 -119 519 -811 288 580 -558 -718 -884 251 -123 825 -538 752 711 -66 -926 633 520 553 -46 -691 -736 622 -457 -263 871 -765 
-31 521 -529 -222 84 772 191 424 829 383 -406 -730 748 -970 640 775 -382 54 116 82 -827 -689 615 849 -798 -424 35 217 987 652 -806 -509 642 437 -488 -741 -595 62 959 -961 875 454 274 -285 -866 -943 525 115 226 -558 -581 657 349 543 872 232 976 -468 857 -616 589 -725 -831 -68 -102 490 -401 785 670 -305 44 873 -198 -168 -775 -9 -22 -730 193 699 220 -333 -333 -359 -255 -390 -596 462 50 855 -13 -548 -691 15 -611 -986 -959 -438 -157 718 
199 134 -751 726 250 494 -384 -196 -776 299 -625 370 -182 -989 677 -651 -551 24 419 420 954 -446 217 124 996 664 -346 714 -481 -877 -244 -215 -616 476 796 374 -733 -400 910 -447 217 322 685 181 -374 -912 -455 810 -75 736 -156 33 -306 -211 906 -752 -104 805 -861 -921 -348 758 196 915 -167 -23 -59 226 -283 -26 -324 286 -341 -671 51 -314 -874 -581 118 426 893 -892 496 629 -160 832 663 -191 938 992 -459 22 -560 155 313 -333 162 317 -275 -143 
-352 879 -134 108 575 248 -806 60 -284 883 525 700 609 802 590 -527 118 -598 -825 198 843 -593 547 -363 -13 993 307 -647 635 432 524 811 36 773 -113 354 630 825 186 -681 430 -542 -195 -248 -591 595 -793 244 778 764 99 599 -999 779 -194 543 6 50 299 -722 452 -183 673 321 -847 566 851 -255 -778 -765 738 600 -453 614 598 215 725 -113 -829 -186 131 -538 -902 -572 334 892 -707 329 343 -988 632 593 110 -78 221 -710 536 611 984 -513 
905 125 -694 86 723 -887 90 -576 926 -802 921 -72 489 -296 -579 -706 584 234 -303 669 71 656 -148 826 -113 233 199 -250 -17 12 -685 766 -347 360 516 -591 -122 753 -961 547 362 -72 394 401 -604 50 36 52 849 -756 -574 -206 711 -706 628 545 112 -657 320 -746 -472 -272 -457 702 -508 -260 773 138 -444 926 -595 -951 -942 60 -555 -847 212 -989 -66 639 543 108 -225 -336 717 -866 -710 -489 778 76 -808 -304 361 9 -311 541 -507 313 -464 -296 
-955 426 469 385 -761 131 -269 -911 -263 581 435 -298 -172 960 -647 -8 -5 -864 -258 -261 -109 -665 -562 -33 -452 837 -996 -635 -353 222 -237 675 -287 -468 431 -485 455 661 -757 367 -557 526 -484 121 -161 601 775 361 375 483 431 -426 -115 -798 -846 -752 615 189 70 -979 484 -4 286 -12 840 987 -198 -536 892 922 -442 -362 562 -681 -199 32 416 -562 98 -909 643 440 118 -146 910 931 86 149 -60 897 -737 166 891 -332 -782 -294 522 848 -242 583 
933 505 -37 -421 230 568 986 -260 711 161 817 198 -106 823 -869 389 40 -53 -201 -923 338 953 -95 831 348 -220 -841 853 -561 -893 -451 904 -687 -404 -813 784 -296 752 965 -500 884 120 717 -269 144 856 165 859 354 -230 -896 625 857 -508 161 -608 479 -108 -812 590 -712 -925 300 -773 -126 -551 -770 244 670 241 317 232 -393 741 397 -543 -687 -838 500 574 -436 -505 -834 831 113 219 -719 -230 -468 -26 -862 -580 -181 290 702 633 855 801 -429 -89 
969 681 40 809 -272 934 -278 -551 -399 807 -798 192 -402 396 -532 49 -622 -154 -391 -453 547 400 240 263 -86 542 897 -935 -96 852 187 426 -446 -695 950 822 79 -237 -348 834 576 -787 436 505 240 255 160 759 548 413 -919 805 -508 -860 -425 375 443 728 -379 -628 925 -118 -539 -380 560 905 -479 -145 -484 -106 -374 -188 358 981 -547 143 730 -767 258 912 -545 -224 -385 168 -360 432 -850 21 -88 936 891 -248 454 -742 866 -258 178 720 958 -835 
584 397 -299 -49 -525 -265 -110 884 84 -534 835 932 835 455 726 267 -571 284 342 472 143 54 -477 776 -237 77 -15 678 -30 -816 -632 415 -735 -838 -60 268 -849 -469 -618 975 118 -582 -549 -981 -912 -55 284 -874 -91 242 447 -608 -214 -382 -428 -127 676 -212 267 -762 -505 -425 516 453 -976 -197 -736 -230 -622 296 -289 729 -216 224 177 222 -458 95 -126 -927 102 -551 -448 -378 -768 547 -57 813 -142 925 -953 -242 -872 -130 797 -673 526 -263 -336 -142 
-27 -17 517 -527 170 -874 -506 924 30 353 -401 -651 -711 24 562 977 -535 -318 507 -533 -637 -128 78 212 -361 -427 609 638 274 -357 -939 -958 342 -735 601 -641 -219 -38 625 -11 6 671 -893 353 -193 -264 652 226 437 -353 -15 -261 -408 215 848 -414 875 -780 896 57 707 -949 823 -108 462 -93 -861 308 623 277 -621 -903 -393 465 736 997 -241 537 -457 967 -148 442 632 -618 -198 -296 -892 -449 324 -94 -445 -743 515 167 -443 -112 -586 696 -94 142 
-607 598 -276 185 698 -322 -612 -526 -48 843 498 434 -818 291 209 -693 903 228 -549 76 -142 -623 954 -291 -79 -800 -881 -980 -652 -417 -953 935 -420 583 -133 -628 -738 935 -873 943 -660 -731 406 -550 -501 841 644 42 -543 -493 -348 -840 -947 -681 956 -995 76 110 527 -510 242 311 697 -345 -858 78 -224 619 154 -532 802 860 -318 -928 -86 -872 651 -3 -544 315 686 -435 432 419 -675 -371 834 641 -458 297 898 665 559 -207 -103 -683 41 -875 685 173 
424 -19 -987 -223 -174 -283 -945 -757 214 -232 -82 -33 -232 42 983 173 419 995 387 -270 534 -207 859 -678 770 -675 -273 145 412 -14 959 -406 -713 994 255 599 -196 178 485 715 -467 -257 -547 -122 990 505 -384 47 597 744 -232 543 708 -539 784 36 -171 -741 842 -949 999 525 737 -62 -665 866 -144 645 -864 -289 -645 -119 790 -883 366 -330 -113 339 -933 -336 -700 -802 -416 -160 -400 262 249 191 -209 -557 162 -732 -359 800 -264 -698 -929 -849 -430 20 
-938 542 -902 572 -974 993 -488 -15 69 -992 -39 -807 -383 283 -548 -714 -550 596 -825 -84 -832 780 -600 -141 908 -598 23 853 529 -265 -750 -285 278 -763 585 -308 738 -318 412 230 15 -960 -110 -647 -894 -304 -620 352 763 783 -830 -479 -640 -217 -812 -320 711 498 -716 -144 -492 947 419 314 712 374 569 -511 -764 441 194 -59 -843 -685 245 88 -559 877 -585 -354 209 -41 -687 504 591 -276 -363 -228 -270 777 903 957 -175 523 -725 -455 -827 703 201 324 
890 -954 -615 63 303 368 227 -410 396 49 -650 761 749 -597 804 -359 741 299 -612 -467 413 -361 -111 806 662 126 -998 -903 851 -871 -462 -644 939 -823 425 -605 -467 -407 -69 -308 -931 -514 56 -672 431 -124 461 899 -725 300 -503 742 -544 -117 186 819 860 -747 753 209 739 -373 -284 -310 782 -175 843 -782 -864 452 -754 -575 -77 202 398 -77 296 -318 -926 -586 -641 -242 699 532 -220 503 729 530 -437 -719 104 458 -362 351 -962 -932 213 -928 39 -102 
166 2 -948 725 -122 438 959 810 -450 445 211 946 -398 -381 738 -591 -89 -71 -777 -523 -973 600 670 -766 -110 635 401 -380 -913 212 -563 493 -136 -165 188 121 -250 306 460 462 555 429 -79 -8 -836 -191 -449 -148 -318 -134 -605 -900 -395 898 -172 -613 457 672 444 -550 268 -186 835 -301 838 -418 951 156 -14 742 -11 -754 598 937 -389 -513 -218 505 810 -458 -482 -270 942 989 663 121 -927 -259 970 718 40 -724 -836 974 356 -686 665 516 -756 -906 
-428 -39 -783 -957 438 -517 874 -425 -130 906 250 662 33 -847 -272 -502 91 867 -698 366 -172 77 -788 -780 -689 539 -938 652 -81 -442 444 175 -549 -635 -567 -564 -131 921 6 265 654 -794 432 748 341 -537 928 314 327 -302 618 440 281 -124 -719 -550 -859 535 -639 681 -78 562 -818 448 -104 -312 556 201 -142 -420 -90 628 965 -45 691 -904 -560 -29 398 -226 93 -348 -234 -854 584 845 143 -140 -866 808 -169 -633 -456 984 -829 336 -311 379 -622 -518 
-627 316 739 -184 250 -38 -772 -397 428 -282 -532 -195 -948 -214 570 -243 993 -898 405 916 -590 31 -819 984 -493 -326 762 192 775 630 -139 560 14 488 -268 -306 -817 -749 979 612 -168 24 503 -505 836 923 -963 688 -756 96 -901 -367 634 -708 -643 243 -558 222 -596 -305 -390 -368 -309 -470 325 -23 -358 -676 -749 -746 -449 563 979 905 -718 332 -252 -279 655 -269 497 -294 -526 204 356 -849 479 129 -259 822 -655 717 571 675 -212 536 506 856 397 37 
-530 -413 -208 -871 167 185 274 -563 902 834 -574 -2 544 -434 402 396 -847 -713 619 -103 -124 -992 88 -630 288 909 -263 -453 -307 291 460 -842 -624 -759 463 373 43 175 -446 761 737 327 -581 10 -815 842 122 -223 -686 614 720 -821 614 613 210 -745 -477 399 -686 -22 -138 -46 -833 -967 209 657 -644 623 -249 -131 -568 -791 85 72 261 606 -948 688 -693 379 -571 274 -354 735 -403 868 774 -549 -742 -935 14 229 597 -673 -977 597 -175 435 -858 328 
443 361 380 -797 394 -835 950 923 938 -522 -243 -141 428 -300 -626 -466 -304 47 149 6 -441 130 382 333 483 585 -548 -245 -648 -297 750 -377 -561 236 -457 473 -168 -626 -730 -544 -543 645 751 240 102 -925 -576 31 552 -820 606 721 424 836 -367 137 -274 -545 101 -207 206 13 -940 812 -877 -155 561 -381 -784 -622 -234 -219 474 452 -191 675 -518 -551 27 -662 -589 -572 -566 763 223 61 80 49 743 -494 715 601 -741 -548 751 151 119 -858 -863 -665 
336 -254 526 -158 -874 -307 772 -510 714 -452 536 256 586 7 -984 692 11 918 -518 -571 87 -38 -962 851 216 318 663 433 -684 853 -600 463 521 702 493 416 -325 30 664 623 -707 838 158 896 -819 285 -166 685 836 959 640 -18 884 -754 -899 -651 -597 633 -731 -127 -96 -125 301 802 -740 -666 996 30 451 936 -980 -694 59 -795 -362 282 989 -787 245 -315 -70 240 -935 355 -40 128 -752 657 -971 934 -567 -496 940 -808 33 -175 -313 777 210 356 
765 -397 297 761 -108 -743 -217 727 176 633 859 644 -931 -184 -329 629 -350 702 -456 -681 -33 677 -862 685 105 52 -852 635 844 177 248 -125 352 -849 598 198 -656 660 714 998 256 -49 -388 -789 453 -423 -465 267 -183 -319 693 -499 -480 245 57 -288 -763 967 805 -800 -23 284 773 -806 430 259 924 625 -321 708 -929 743 -901 -160 -977 985 -358 617 -197 813 639 -887 -730 477 -321 247 717 209 410 -72 -940 -543 -200 835 722 753 -322 -831 259 -600 
665 -501 -875 635 -613 124 -131 814 -732 473 547 -173 -893 222 -644 735 -594 -660 879 -231 591 376 -869 -795 128 -394 295 -408 -680 879 994 173 -858 151 -331 545 -530 -574 622 402 -229 744 574 158 -403 976 -930 -927 468 -886 -266 151 211 -393 807 620 768 93 -989 760 540 -242 -622 439 751 257 510 -855 -810 -660 -583 102 280 24 -427 -323 -659 -562 733 373 -176 -967 -980 435 328 -811 3 294 -246 319 -553 -360 -894 -467 890 -441 -230 -656 337 -53 
-822 800 862 57 -191 695 -168 -984 3 297 -184 -838 -948 27 22 -378 -91 226 -339 -476 453 -66 258 -711 994 878 978 -492 672 -138 -219 -232 338 391 118 -580 607 39 886 104 -585 769 -111 -703 423 -874 -754 295 194 -627 245 421 -751 -272 365 -606 -36 119 -20 -690 -990 625 147 -369 814 -591 889 -195 -69 22 743 996 -471 454 205 297 -159 948 116 550 999 -969 -180 -207 -458 -402 15 -645 -88 -606 -194 981 -578 450 -918 -127 22 -810 166 -658 
259 -235 924 -532 -950 976 -522 -614 -14 963 79 -348 -316 440 -855 105 652 71 121 764 -233 -259 -440 -142 -354 137 -941 -979 -830 901 -850 551 833 -85 781 945 -832 -610 436 332 466 -429 -952 64 137 64 406 540 -733 501 -118 46 791 273 -637 732 -503 -434 318 -533 -454 -217 -455 -594 -740 402 449 298 460 -735 -250 480 -934 150 198 138 -314 319 -48 -558 123 -178 163 -656 -495 -939 847 -516 -2 737 -46 -13 -186 444 -115 941 179 -312 -31 -169 
-369 121 381 429 256 683 -222 251 171 629 345 228 -395 -837 -212 203 -690 -533 635 -888 -881 625 392 -18 -258 532 -571 -156 -216 886 -371 -528 -737 174 -264 387 -931 -527 492 482 760 937 969 -175 -169 948 -860 13 948 -959 199 267 -53 463 -217 859 346 943 143 665 130 708 -4 -146 -946 696 320 -677 194 369 155 -921 -554 620 -504 545 370 -559 316 -896 973 352 405 986 -230 -645 -248 842 507 701 820 -42 -767 458 654 -920 -134 -802 493 860 
